2457748.274536 0.000017 0.027907 0.002165 1 2
2457748.274554 0.000017 0.034926 0.002162 1 2
2457748.274571 0.000017 0.026070 0.002091 1 2
2457748.274589 0.000017 0.030704 0.002259 1 2
2457748.274606 0.000017 0.032400 0.002233 1 2
2457748.274624 0.000017 0.026577 0.002196 1 2
2457748.274641 0.000017 0.027841 0.002179 1 2
2457748.274659 0.000017 0.032556 0.002558 1 2
2457748.274676 0.000017 0.023585 0.002309 1 2
2457748.274694 0.000017 0.029060 0.002291 1 2
2457748.274711 0.000017 0.036383 0.002486 1 2
2457748.274729 0.000017 0.028673 0.002943 1 2
2457748.274747 0.000017 0.025846 0.002690 1 2
2457748.274764 0.000017 0.028814 0.002678 1 2
2457748.274782 0.000017 0.025236 0.002206 1 2
2457748.274799 0.000017 0.026015 0.002288 1 2
2457748.274817 0.000017 0.030957 0.002364 1 2
2457748.274834 0.000017 0.035619 0.002348 1 2
2457748.274852 0.000017 0.032714 0.002476 1 2
2457748.274869 0.000017 0.028690 0.002474 1 2
2457748.274887 0.000017 0.026563 0.002616 1 2
2457748.274904 0.000017 0.027504 0.002612 1 2
2457748.274922 0.000017 0.023961 0.002304 1 2
2457748.274939 0.000017 0.028598 0.002167 1 2
2457748.274957 0.000017 0.028438 0.002132 1 2
2457748.274974 0.000017 0.030841 0.002297 1 2
2457748.274992 0.000017 0.027601 0.002384 1 2
2457748.275009 0.000017 0.027157 0.002537 1 2
2457748.275027 0.000017 0.029791 0.002661 1 2
2457748.275044 0.000017 0.024803 0.002970 1 2
2457748.275062 0.000017 0.027711 0.003044 1 2
2457748.275079 0.000017 0.027731 0.002597 1 2
2457748.275097 0.000017 0.032106 0.002441 1 2
2457748.275114 0.000017 0.028415 0.002957 1 2
2457748.275132 0.000017 0.026958 0.003519 1 2
2457748.275149 0.000017 0.025771 0.005637 1 2
2457748.275167 0.000017 0.040883 0.006681 1 2
2457748.275184 0.000017 0.035168 0.007048 1 2
2457748.275202 0.000017 0.029832 0.006377 1 2
2457748.275219 0.000017 0.026609 0.005428 1 2
2457748.275237 0.000017 0.023889 0.003777 1 2
2457748.275254 0.000017 0.030468 0.003025 1 2
2457748.275272 0.000017 0.025155 0.002388 1 2
2457748.275289 0.000017 0.032321 0.002570 1 2
2457748.275307 0.000017 0.028291 0.002288 1 2
2457748.275325 0.000017 0.027169 0.002188 1 2
2457748.275342 0.000017 0.030690 0.002314 1 2
2457748.275360 0.000017 0.032139 0.002192 1 2
2457748.275377 0.000017 0.033596 0.002388 1 2
2457748.275395 0.000017 0.031579 0.002458 1 2
2457748.275412 0.000017 0.029730 0.002721 1 2
2457748.275430 0.000017 0.028985 0.002407 1 2
2457748.275447 0.000017 0.027639 0.002266 1 2
2457748.275465 0.000017 0.023982 0.002160 1 2
2457748.275482 0.000017 0.028351 0.002115 1 2
2457748.275500 0.000017 0.027406 0.002178 1 2
2457748.275517 0.000017 0.023549 0.002143 1 2
2457748.275535 0.000017 0.026293 0.002154 1 2
2457748.275552 0.000017 0.025290 0.002142 1 2
2457748.275570 0.000017 0.030468 0.002153 1 2
2457748.275587 0.000017 0.031948 0.002201 1 2
2457748.275605 0.000017 0.027556 0.002141 1 2
2457748.275622 0.000017 0.026855 0.002136 1 2
2457748.275640 0.000017 0.030797 0.002196 1 2
2457748.275657 0.000017 0.026944 0.002033 1 2
2457748.275675 0.000017 0.028883 0.002052 1 2
2457748.275692 0.000017 0.024469 0.001969 1 2
2457748.275710 0.000017 0.028026 0.002091 1 2
2457748.275727 0.000017 0.026365 0.001964 1 2
2457748.275745 0.000017 0.030148 0.002023 1 2
2457748.275762 0.000017 0.024145 0.002134 1 2
2457748.275780 0.000017 0.034333 0.002230 1 2
2457748.275797 0.000017 0.029995 0.002016 1 2
2457748.275815 0.000017 0.032587 0.002115 1 2
2457748.275832 0.000017 0.029117 0.002114 1 2
2457748.275850 0.000017 0.029863 0.002011 1 2
2457748.275867 0.000017 0.028272 0.001963 1 2
2457748.275885 0.000017 0.029285 0.002017 1 2
2457748.275902 0.000017 0.027636 0.001991 1 2
2457748.275920 0.000017 0.025863 0.001882 1 2
2457748.275938 0.000017 0.030265 0.002045 1 2
2457748.275955 0.000017 0.026587 0.002091 1 2
2457748.275973 0.000017 0.027664 0.002191 1 2
2457748.275990 0.000017 0.026514 0.002016 1 2
2457748.276008 0.000017 0.025234 0.002118 1 2
2457748.276025 0.000017 0.025528 0.001984 1 2
2457748.276043 0.000017 0.029843 0.001983 1 2
2457748.276060 0.000017 0.028487 0.001991 1 2
2457748.276078 0.000017 0.028468 0.001899 1 2
2457748.276095 0.000017 0.028722 0.002073 1 2
2457748.276113 0.000017 0.029887 0.002237 1 2
2457748.276130 0.000017 0.029278 0.002134 1 2
2457748.276148 0.000017 0.027119 0.002053 1 2
2457748.276165 0.000017 0.031111 0.002066 1 2
2457748.276183 0.000017 0.029718 0.002127 1 2
2457748.276200 0.000017 0.028551 0.001981 1 2
2457748.276218 0.000017 0.025704 0.002053 1 2
2457748.276235 0.000017 0.027939 0.002162 1 2
2457748.276253 0.000017 0.027884 0.002080 1 2
2457748.276270 0.000017 0.026547 0.002162 1 2
2457748.276288 0.000017 0.028182 0.002027 1 2
2457748.276305 0.000017 0.027528 0.002067 1 2
2457748.276323 0.000017 0.029659 0.002001 1 2
2457748.276340 0.000017 0.029046 0.002123 1 2
2457748.276358 0.000017 0.029901 0.002201 1 2
2457748.276375 0.000017 0.024181 0.002109 1 2
2457748.276393 0.000017 0.027794 0.002107 1 2
2457748.276410 0.000017 0.031053 0.002197 1 2
2457748.276428 0.000017 0.028103 0.002199 1 2
2457748.276445 0.000017 0.027768 0.002162 1 2
2457748.276463 0.000017 0.031757 0.002143 1 2
2457748.276480 0.000017 0.031795 0.002334 1 2
2457748.276498 0.000017 0.030587 0.002249 1 2
2457748.276515 0.000017 0.029071 0.002225 1 2
2457748.276533 0.000017 0.030988 0.002165 1 2
2457748.276551 0.000017 0.028070 0.002167 1 2
2457748.276568 0.000017 0.028940 0.002087 1 2
2457748.276586 0.000017 0.033494 0.002395 1 2
2457748.276603 0.000017 0.026681 0.002370 1 2
2457748.276621 0.000017 0.027594 0.002243 1 2
2457748.276638 0.000017 0.031684 0.002205 1 2
2457748.276656 0.000017 0.032450 0.002234 1 2
2457748.276673 0.000017 0.024034 0.002192 1 2
2457748.276691 0.000017 0.029560 0.002209 1 2
2457748.276708 0.000017 0.027690 0.002291 1 2
2457748.276726 0.000017 0.029896 0.002153 1 2
2457748.276743 0.000017 0.030014 0.002199 1 2
2457748.276761 0.000017 0.029810 0.002319 1 2
2457748.276778 0.000017 0.031286 0.002410 1 2
2457748.276796 0.000017 0.031498 0.002261 1 2
2457748.276813 0.000017 0.029461 0.002236 1 2
2457748.276831 0.000017 0.033593 0.002418 1 2
2457748.276848 0.000017 0.034957 0.002598 1 2
2457748.276866 0.000017 0.027849 0.002145 1 2
2457748.276883 0.000017 0.025595 0.002135 1 2
2457748.276901 0.000017 0.032202 0.002273 1 2
2457748.276918 0.000017 0.027203 0.002355 1 2
2457748.276936 0.000017 0.030174 0.002411 1 2
2457748.276953 0.000017 0.027204 0.002133 1 2
2457748.276971 0.000017 0.030810 0.002042 1 2
2457748.276988 0.000017 0.025445 0.002062 1 2
2457748.277006 0.000017 0.027582 0.002215 1 2
2457748.277023 0.000017 0.026600 0.002134 1 2
2457748.277041 0.000017 0.032913 0.002206 1 2
2457748.277058 0.000017 0.028184 0.002132 1 2
2457748.277076 0.000017 0.027431 0.002245 1 2
2457748.277093 0.000017 0.027105 0.002229 1 2
2457748.277111 0.000017 0.031647 0.002234 1 2
2457748.277129 0.000017 0.028587 0.002281 1 2
2457748.277146 0.000017 0.029140 0.002225 1 2
2457748.277164 0.000017 0.025689 0.002149 1 2
2457748.277181 0.000017 0.030228 0.002083 1 2
2457748.277199 0.000017 0.027500 0.002246 1 2
2457748.277216 0.000017 0.029579 0.002210 1 2
2457748.277234 0.000017 0.029424 0.002224 1 2
2457748.277251 0.000017 0.037984 0.002452 1 2
2457748.277269 0.000017 0.027773 0.002112 1 2
2457748.277286 0.000017 0.028907 0.002091 1 2
2457748.277304 0.000017 0.026742 0.002070 1 2
2457748.277321 0.000017 0.027772 0.002018 1 2
2457748.277339 0.000017 0.029647 0.002143 1 2
2457748.277356 0.000017 0.030352 0.002163 1 2
2457748.277374 0.000017 0.029352 0.002067 1 2
2457748.277391 0.000017 0.027209 0.002143 1 2
2457748.277409 0.000017 0.031682 0.002216 1 2
2457748.277426 0.000017 0.027889 0.002022 1 2
2457748.277444 0.000017 0.030362 0.001947 1 2
2457748.277461 0.000017 0.032291 0.002099 1 2
2457748.277479 0.000017 0.026864 0.001950 1 2
2457748.277496 0.000017 0.023435 0.001886 1 2
2457748.277514 0.000017 0.029343 0.001873 1 2
2457748.277531 0.000017 0.029119 0.002159 1 2
2457748.277549 0.000017 0.025831 0.002125 1 2
2457748.277566 0.000017 0.026463 0.002007 1 2
2457748.277584 0.000017 0.024971 0.002097 1 2
2457748.277601 0.000017 0.025277 0.002026 1 2
2457748.277619 0.000017 0.021132 0.001953 1 2
2457748.277636 0.000017 0.030336 0.002080 1 2
2457748.277655 0.000017 0.027731 0.002093 1 2
2457748.277671 0.000017 0.027550 0.002231 1 2
2457748.277689 0.000017 0.025321 0.002022 1 2
2457748.277706 0.000017 0.027172 0.002060 1 2
2457748.277724 0.000017 0.028138 0.002055 1 2
2457748.277742 0.000017 0.026114 0.001960 1 2
2457748.277759 0.000017 0.025541 0.001953 1 2
2457748.277777 0.000017 0.028700 0.001983 1 2
2457748.277794 0.000017 0.028542 0.002061 1 2
2457748.277812 0.000017 0.032419 0.002095 1 2
2457748.277830 0.000017 0.025728 0.001985 1 2
2457748.277847 0.000017 0.029101 0.002165 1 2
2457748.277865 0.000017 0.029440 0.002224 1 2
2457748.277882 0.000017 0.028045 0.002303 1 2
2457748.277899 0.000017 0.024980 0.002275 1 2
2457748.277918 0.000017 0.024579 0.002179 1 2
2457748.277934 0.000017 0.024191 0.002260 1 2
2457748.277953 0.000017 0.027983 0.002620 1 2
2457748.277970 0.000017 0.026739 0.002556 1 2
2457748.277987 0.000017 0.027625 0.002812 1 2
2457748.278005 0.000017 0.031911 0.002790 1 2
2457748.278022 0.000017 0.029514 0.002926 1 2
2457748.278040 0.000017 0.024062 0.002670 1 2
2457748.278057 0.000017 0.029108 0.002770 1 2
2457748.278075 0.000017 0.024884 0.002406 1 2
2457748.278093 0.000017 0.023699 0.002182 1 2
2457748.278109 0.000017 0.027618 0.002216 1 2
2457748.278128 0.000017 0.025696 0.002263 1 2
2457748.278145 0.000017 0.027904 0.002247 1 2
2457748.278163 0.000017 0.028275 0.002410 1 2
2457748.278180 0.000017 0.030813 0.002356 1 2
2457748.278197 0.000017 0.027174 0.002081 1 2
2457748.278215 0.000017 0.027540 0.002450 1 2
2457748.278232 0.000017 0.026000 0.002587 1 2
2457748.278250 0.000017 0.027781 0.002429 1 2
2457748.278268 0.000017 0.031926 0.002598 1 2
2457748.278285 0.000017 0.022535 0.002527 1 2
2457748.278303 0.000017 0.030926 0.002653 1 2
2457748.278320 0.000017 0.025650 0.003010 1 2
2457748.278338 0.000017 0.023637 0.002924 1 2
2457748.278356 0.000017 0.025526 0.003136 1 2
2457748.278373 0.000017 0.028013 0.002633 1 2
2457748.278391 0.000017 0.030443 0.002822 1 2
2457748.278408 0.000017 0.026097 0.002605 1 2
2457748.278426 0.000017 0.027402 0.002626 1 2
2457748.278443 0.000017 0.028222 0.002810 1 2
2457748.278461 0.000017 0.029124 0.002234 1 2
2457748.278478 0.000017 0.025731 0.002276 1 2
2457748.278496 0.000017 0.030055 0.002195 1 2
2457748.278513 0.000017 0.029733 0.002294 1 2
2457748.278531 0.000017 0.028942 0.002173 1 2
2457748.278548 0.000017 0.025243 0.002188 1 2
2457748.278566 0.000017 0.024020 0.002163 1 2
2457748.278583 0.000017 0.025784 0.002538 1 2
2457748.278601 0.000017 0.024617 0.002542 1 2
2457748.278618 0.000017 0.022268 0.002638 1 2
2457748.278636 0.000017 0.027507 0.002811 1 2
2457748.278653 0.000017 0.030249 0.002955 1 2
2457748.278671 0.000017 0.025828 0.002585 1 2
2457748.278688 0.000017 0.027758 0.002255 1 2
2457748.278706 0.000017 0.026771 0.002233 1 2
2457748.278723 0.000017 0.022803 0.002362 1 2
2457748.278741 0.000017 0.021176 0.002438 1 2
2457748.278758 0.000017 0.026717 0.002787 1 2
2457748.278776 0.000017 0.025991 0.002686 1 2
2457748.278793 0.000017 0.030465 0.002509 1 2
2457748.278811 0.000017 0.024401 0.002344 1 2
2457748.278828 0.000017 0.022844 0.002153 1 2
2457748.278846 0.000017 0.027705 0.002251 1 2
2457748.278863 0.000017 0.022321 0.002100 1 2
2457748.278881 0.000017 0.029181 0.002255 1 2
2457748.278898 0.000017 0.029644 0.002276 1 2
2457748.278916 0.000017 0.023156 0.002224 1 2
2457748.278934 0.000017 0.027579 0.002333 1 2
2457748.278951 0.000017 0.020562 0.003188 1 2
2457748.278969 0.000017 0.035604 0.004770 1 2
2457748.278986 0.000017 0.046725 0.005486 1 2
2457748.279004 0.000017 0.021061 0.004749 1 2
2457748.279021 0.000017 0.033996 0.004486 1 2
2457748.279039 0.000017 0.023499 0.003840 1 2
2457748.279056 0.000017 0.008559 0.004737 1 2
2457748.279074 0.000017 0.015925 0.005750 1 2
2457748.279091 0.000017 0.023272 0.006574 1 2
2457748.279109 0.000017 0.027130 0.005123 1 2
2457748.279126 0.000017 0.025814 0.004320 1 2
2457748.279144 0.000017 0.025587 0.003620 1 2
2457748.279161 0.000017 0.021986 0.004233 1 2
2457748.279179 0.000017 0.025517 0.004181 1 2
2457748.279196 0.000017 0.019758 0.003292 1 2
2457748.279214 0.000017 0.024341 0.003164 1 2
2457748.279231 0.000017 0.025399 0.003107 1 2
2457748.279249 0.000017 0.023492 0.002478 1 2
2457748.279266 0.000017 0.029116 0.002640 1 2
2457748.279284 0.000017 0.024141 0.002543 1 2
2457748.279301 0.000017 0.028240 0.002430 1 2
2457748.279319 0.000017 0.029029 0.002348 1 2
2457748.279336 0.000017 0.023285 0.002279 1 2
2457748.279354 0.000017 0.028021 0.002586 1 2
2457748.279371 0.000017 0.024679 0.002433 1 2
2457748.279389 0.000017 0.029443 0.002565 1 2
2457748.279406 0.000017 0.025459 0.002596 1 2
2457748.279424 0.000017 0.025123 0.003371 1 2
2457748.279441 0.000017 0.028527 0.004202 1 2
2457748.279459 0.000017 0.039022 0.005036 1 2
2457748.279476 0.000017 0.023858 0.003751 1 2
2457748.279494 0.000017 0.020086 0.003147 1 2
2457748.279511 0.000017 0.026722 0.002644 1 2
2457748.279529 0.000017 0.025810 0.002435 1 2
2457748.279547 0.000017 0.028598 0.002200 1 2
2457748.279564 0.000017 0.029471 0.002188 1 2
2457748.279582 0.000017 0.021964 0.002208 1 2
2457748.279599 0.000017 0.033486 0.002230 1 2
2457748.279617 0.000017 0.024944 0.002157 1 2
2457748.279634 0.000017 0.026322 0.002158 1 2
2457748.279652 0.000017 0.032030 0.002284 1 2
2457748.279669 0.000017 0.028590 0.002106 1 2
2457748.279687 0.000017 0.020861 0.002067 1 2
2457748.279704 0.000017 0.028551 0.002262 1 2
2457748.279722 0.000017 0.025833 0.002080 1 2
2457748.279739 0.000017 0.028021 0.002107 1 2
2457748.279757 0.000017 0.026625 0.002031 1 2
2457748.279774 0.000017 0.024743 0.002248 1 2
2457748.279792 0.000017 0.023854 0.002032 1 2
2457748.279809 0.000017 0.028750 0.002167 1 2
2457748.279827 0.000017 0.027702 0.002182 1 2
2457748.279844 0.000017 0.029009 0.002087 1 2
2457748.279862 0.000017 0.023722 0.002121 1 2
2457748.279879 0.000017 0.027336 0.002126 1 2
2457748.279897 0.000017 0.028185 0.002252 1 2
2457748.279914 0.000017 0.024836 0.002091 1 2
2457748.279932 0.000017 0.024107 0.002084 1 2
2457748.279949 0.000017 0.028944 0.002217 1 2
2457748.279967 0.000017 0.025160 0.002336 1 2
2457748.279984 0.000017 0.029252 0.002467 1 2
2457748.280002 0.000017 0.027821 0.002566 1 2
2457748.280019 0.000017 0.025274 0.002227 1 2
2457748.280037 0.000017 0.028285 0.002734 1 2
2457748.280054 0.000017 0.025945 0.002835 1 2
2457748.280072 0.000017 0.030395 0.003283 1 2
2457748.280089 0.000017 0.031200 0.003200 1 2
2457748.280107 0.000017 0.026386 0.003529 1 2
2457748.280124 0.000017 0.027273 0.003639 1 2
2457748.280142 0.000017 0.031118 0.004191 1 2
2457748.280160 0.000017 0.026347 0.005155 1 2
2457748.280177 0.000017 0.028398 0.006362 1 2
2457748.280195 0.000017 0.027880 0.006575 1 2
2457748.280212 0.000017 0.039884 0.006989 1 2
2457748.280230 0.000017 0.026484 0.006503 1 2
2457748.280247 0.000017 0.020350 0.006151 1 2
2457748.280265 0.000017 0.037183 0.004985 1 2
2457748.280282 0.000017 0.028937 0.002902 1 2
2457748.280300 0.000017 0.023529 0.002346 1 2
2457748.280317 0.000017 0.023830 0.002174 1 2
2457748.280335 0.000017 0.022962 0.002289 1 2
2457748.280352 0.000017 0.027703 0.002246 1 2
2457748.280370 0.000017 0.028264 0.002036 1 2
2457748.280387 0.000017 0.029633 0.002304 1 2
2457748.280405 0.000017 0.024671 0.002258 1 2
2457748.280422 0.000017 0.026237 0.002975 1 2
2457748.280440 0.000017 0.027725 0.002736 1 2
2457748.280457 0.000017 0.023140 0.002443 1 2
2457748.280475 0.000017 0.027500 0.002697 1 2
2457748.280492 0.000017 0.027816 0.002479 1 2
2457748.280510 0.000017 0.028516 0.002510 1 2
2457748.280527 0.000017 0.025615 0.002636 1 2
2457748.280545 0.000017 0.022231 0.002227 1 2
2457748.280562 0.000017 0.028570 0.002364 1 2
2457748.280580 0.000017 0.022837 0.002354 1 2
2457748.280597 0.000017 0.027644 0.002552 1 2
2457748.280615 0.000017 0.020631 0.002443 1 2
2457748.280632 0.000017 0.025807 0.002791 1 2
2457748.280650 0.000017 0.021808 0.002659 1 2
2457748.280667 0.000017 0.025219 0.002657 1 2
2457748.280685 0.000017 0.027155 0.002415 1 2
2457748.280702 0.000017 0.023080 0.002748 1 2
2457748.280720 0.000017 0.024774 0.003081 1 2
2457748.280737 0.000017 0.025082 0.002545 1 2
2457748.280755 0.000017 0.028751 0.002644 1 2
2457748.280773 0.000017 0.023366 0.002535 1 2
2457748.280790 0.000017 0.024362 0.002494 1 2
2457748.280808 0.000017 0.024567 0.002664 1 2
2457748.280825 0.000017 0.029243 0.002608 1 2
2457748.280843 0.000017 0.021736 0.002368 1 2
2457748.280860 0.000017 0.025150 0.002802 1 2
2457748.280878 0.000017 0.027778 0.002915 1 2
2457748.280895 0.000017 0.019868 0.002485 1 2
2457748.280913 0.000017 0.024083 0.002409 1 2
2457748.280930 0.000017 0.026955 0.002499 1 2
2457748.280948 0.000017 0.026685 0.002583 1 2
2457748.280965 0.000017 0.023591 0.002478 1 2
2457748.280983 0.000017 0.024108 0.002329 1 2
2457748.281000 0.000017 0.024403 0.002309 1 2
2457748.281018 0.000017 0.024698 0.002640 1 2
2457748.281035 0.000017 0.023529 0.002937 1 2
2457748.281053 0.000017 0.025221 0.003410 1 2
2457748.281070 0.000017 0.024654 0.003430 1 2
2457748.281088 0.000017 0.026992 0.002713 1 2
2457748.281105 0.000017 0.028236 0.002449 1 2
2457748.281123 0.000017 0.027158 0.003364 1 2
2457748.281140 0.000017 0.023753 0.004801 1 2
2457748.281158 0.000017 0.030664 0.004478 1 2
2457748.281175 0.000017 0.030413 0.004741 1 2
2457748.281193 0.000017 0.020939 0.006594 1 2
2457748.281210 0.000017 0.030936 0.006916 1 2
2457748.281228 0.000017 0.010711 0.008161 1 2
2457748.281245 0.000017 0.027645 0.006143 1 2
2457748.281263 0.000017 0.024339 0.003567 1 2
2457748.281280 0.000017 0.016037 0.003546 1 2
2457748.281298 0.000017 0.032603 0.004018 1 2
2457748.281315 0.000017 0.032675 0.004728 1 2
2457748.281333 0.000017 0.030829 0.006364 1 2
2457748.281351 0.000017 0.016275 0.004991 1 2
2457748.281368 0.000017 0.022799 0.005561 1 2
2457748.281386 0.000017 0.028560 0.004791 1 2
2457748.281403 0.000017 0.020913 0.005966 1 2
2457748.281421 0.000017 0.022192 0.006650 1 2
2457748.281438 0.000017 0.013056 0.009217 1 2
2457748.281456 0.000017 0.027524 0.012590 1 2
2457748.281473 0.000017 0.014879 0.017894 1 2
2457748.281491 0.000017 0.015046 0.018007 1 2
2457748.281508 0.000017 0.019341 0.015835 1 2
2457748.281526 0.000017 0.014115 0.010781 1 2
2457748.281543 0.000017 0.020968 0.005181 1 2
2457748.281561 0.000017 0.027797 0.004813 1 2
2457748.281578 0.000017 0.024094 0.004353 1 2
2457748.281596 0.000017 0.016488 0.005101 1 2
2457748.281613 0.000017 0.034005 0.003989 1 2
2457748.281631 0.000017 0.026346 0.002718 1 2
2457748.281648 0.000017 0.025222 0.002569 1 2
2457748.281666 0.000017 0.027451 0.002698 1 2
2457748.281683 0.000017 0.027230 0.002898 1 2
2457748.281701 0.000017 0.030518 0.004520 1 2
2457748.281718 0.000017 0.030918 0.007866 1 2
2457748.281736 0.000017 0.014254 0.015293 1 2
2457748.281753 0.000017 0.026739 0.016624 1 2
2457748.281771 0.000017 0.019869 0.011991 1 2
2457748.281788 0.000017 0.000811 0.010819 1 2
2457748.281806 0.000017 0.023285 0.012998 1 2
2457748.281823 0.000017 0.028801 0.014229 1 2
2457748.281841 0.000017 0.022987 0.016049 1 2
2457748.281858 0.000017 0.019815 0.015919 1 2
2457748.281876 0.000017 0.041948 0.014676 1 2
2457748.281893 0.000017 0.016405 0.008774 1 2
2457748.281911 0.000017 0.025993 0.005488 1 2
2457748.281928 0.000017 0.024069 0.003612 1 2
2457748.281946 0.000017 0.028706 0.002658 1 2
2457748.281964 0.000017 0.025946 0.002996 1 2
2457748.281981 0.000017 0.028164 0.003411 1 2
2457748.281999 0.000017 0.028032 0.003023 1 2
2457748.282016 0.000017 0.032805 0.003342 1 2
2457748.282034 0.000017 0.020848 0.003194 1 2
2457748.282051 0.000017 0.018905 0.002780 1 2
2457748.282069 0.000017 0.022339 0.002494 1 2
2457748.282086 0.000017 0.024242 0.002528 1 2
2457748.282104 0.000017 0.024052 0.002635 1 2
2457748.282121 0.000017 0.021855 0.002405 1 2
2457748.282139 0.000017 0.028498 0.002529 1 2
2457748.282156 0.000017 0.023921 0.002747 1 2
2457748.282174 0.000017 0.023625 0.002511 1 2
2457748.282191 0.000017 0.020069 0.002715 1 2
2457748.282209 0.000017 0.027872 0.002544 1 2
2457748.282226 0.000017 0.026841 0.002364 1 2
2457748.282244 0.000017 0.027838 0.002190 1 2
2457748.282261 0.000017 0.028424 0.002289 1 2
2457748.282279 0.000017 0.025038 0.002227 1 2
2457748.282296 0.000017 0.026506 0.002471 1 2
2457748.282314 0.000017 0.029949 0.002425 1 2
2457748.282331 0.000017 0.022016 0.002255 1 2
2457748.282349 0.000017 0.024765 0.002780 1 2
2457748.282366 0.000017 0.026339 0.002904 1 2
2457748.282384 0.000017 0.027889 0.003514 1 2
2457748.286027 0.000017 0.011823 0.014588 1 2
2457748.286044 0.000017 -0.004866 -0.013667 1 2
2457748.286062 0.000017 0.025531 0.007091 1 2
2457748.286079 0.000017 0.034029 0.009493 1 2
2457748.286097 0.000017 0.023944 0.006958 1 2
2457748.286114 0.000017 0.027800 0.003767 1 2
2457748.286132 0.000017 0.026069 0.003298 1 2
2457748.286149 0.000017 0.028220 0.002880 1 2
2457748.286167 0.000017 0.031163 0.002848 1 2
2457748.286185 0.000017 0.022157 0.002823 1 2
2457748.286202 0.000017 0.027870 0.002805 1 2
2457748.286220 0.000017 0.024763 0.002691 1 2
2457748.286237 0.000017 0.023854 0.002559 1 2
2457748.286255 0.000017 0.023990 0.002315 1 2
2457748.286272 0.000017 0.023466 0.002226 1 2
2457748.286290 0.000017 0.022377 0.002321 1 2
2457748.286307 0.000017 0.019062 0.002296 1 2
2457748.286325 0.000017 0.025916 0.002372 1 2
2457748.286342 0.000017 0.026253 0.002188 1 2
2457748.286360 0.000017 0.023200 0.002293 1 2
2457748.286377 0.000017 0.025586 0.002349 1 2
2457748.286395 0.000017 0.027115 0.002273 1 2
2457748.286412 0.000017 0.023366 0.002238 1 2
2457748.286430 0.000017 0.026172 0.002440 1 2
2457748.286447 0.000017 0.026424 0.002260 1 2
2457748.286465 0.000017 0.023583 0.002303 1 2
2457748.286482 0.000017 0.021794 0.002339 1 2
2457748.286500 0.000017 0.022597 0.002473 1 2
2457748.286517 0.000017 0.022237 0.002736 1 2
2457748.286535 0.000017 0.022739 0.002496 1 2
2457748.286552 0.000017 0.021557 0.002638 1 2
2457748.286570 0.000017 0.027118 0.002499 1 2
2457748.286587 0.000017 0.025649 0.002239 1 2
2457748.286605 0.000017 0.024301 0.002157 1 2
2457748.286622 0.000017 0.023736 0.002393 1 2
2457748.286640 0.000017 0.022079 0.003069 1 2
2457748.286657 0.000017 0.024486 0.002642 1 2
2457748.286675 0.000017 0.023296 0.002505 1 2
2457748.286692 0.000017 0.022026 0.003092 1 2
2457748.286710 0.000017 0.023076 0.003294 1 2
2457748.286727 0.000017 0.034355 0.006013 1 2
2457748.286745 0.000017 0.041521 0.008941 1 2
2457748.286762 0.000017 0.014419 0.006220 1 2
2457748.286780 0.000017 0.033201 0.006766 1 2
2457748.286798 0.000017 0.013792 0.009022 1 2
2457748.286815 0.000017 0.021009 0.008654 1 2
2457748.286833 0.000017 -0.010521 -0.008981 1 2
2457748.286850 0.000017 0.042747 0.012693 1 2
2457748.286868 0.000017 0.057025 0.014175 1 2
2457748.286885 0.000017 0.030424 0.012383 1 2
2457748.286903 0.000017 0.031877 0.008156 1 2
2457748.286920 0.000017 0.019789 0.006947 1 2
2457748.286938 0.000017 0.025031 0.006120 1 2
2457748.286955 0.000017 0.023440 0.004272 1 2
2457748.286973 0.000017 0.028957 0.004144 1 2
2457748.286990 0.000017 0.031239 0.004478 1 2
2457748.287008 0.000017 0.024770 0.003787 1 2
2457748.287025 0.000017 0.027023 0.004437 1 2
2457748.287043 0.000017 0.021634 0.003686 1 2
2457748.287060 0.000017 0.026375 0.003224 1 2
2457748.287078 0.000017 0.031088 0.003065 1 2
2457748.287095 0.000017 0.023252 0.003305 1 2
2457748.287113 0.000017 0.021385 0.002819 1 2
2457748.287130 0.000017 0.028050 0.003073 1 2
2457748.287148 0.000017 0.021806 0.003429 1 2
2457748.287165 0.000017 0.019522 0.004021 1 2
2457748.287183 0.000017 0.024918 0.003393 1 2
2457748.287200 0.000017 0.017440 0.004648 1 2
2457748.287218 0.000017 0.018721 0.003726 1 2
2457748.287235 0.000017 0.022578 0.002750 1 2
2457748.287253 0.000017 0.024843 0.002753 1 2
2457748.287270 0.000017 0.025422 0.002736 1 2
2457748.287288 0.000017 0.023713 0.002740 1 2
2457748.287305 0.000017 0.024649 0.003254 1 2
2457748.287323 0.000017 0.023670 0.003509 1 2
2457748.287340 0.000017 0.025202 0.003090 1 2
2457748.287358 0.000017 0.024877 0.003074 1 2
2457748.287376 0.000017 0.020220 0.003140 1 2
2457748.287393 0.000017 0.024187 0.002900 1 2
2457748.287411 0.000017 0.025508 0.003255 1 2
2457748.287428 0.000017 0.022931 0.003346 1 2
2457748.287446 0.000017 0.017526 0.003328 1 2
2457748.287463 0.000017 0.015624 0.003268 1 2
2457748.287481 0.000017 0.023742 0.003588 1 2
2457748.287498 0.000017 0.012979 0.004804 1 2
2457748.287516 0.000017 0.013046 0.006132 1 2
2457748.287533 0.000017 0.021324 0.007069 1 2
2457748.287551 0.000017 0.017923 0.004086 1 2
2457748.287568 0.000017 0.021620 0.003834 1 2
2457748.287586 0.000017 0.014994 0.002693 1 2
2457748.287603 0.000017 0.013550 0.002567 1 2
2457748.287621 0.000017 0.013850 0.002666 1 2
2457748.287638 0.000017 0.003885 0.003747 1 2
2457748.287656 0.000017 0.009032 0.004231 1 2
2457748.287673 0.000017 0.007894 0.004093 1 2
2457748.287691 0.000017 0.002959 0.004779 1 2
2457748.287708 0.000017 0.014921 0.004506 1 2
2457748.287726 0.000017 0.002256 0.004642 1 2
2457748.287743 0.000017 -0.000967 -0.006108 1 2
2457748.287761 0.000017 -0.001520 -0.004904 1 2
2457748.287778 0.000017 0.011114 0.007600 1 2
2457748.287796 0.000017 0.011208 0.007034 1 2
2457748.287813 0.000017 -0.005987 -0.009447 1 2
2457748.287831 0.000017 -0.014834 -0.016083 1 2
2457748.287848 0.000017 0.005665 0.021516 1 2
2457748.287883 0.000017 -0.009458 -0.019302 1 2
2457748.287901 0.000017 0.007626 0.007916 1 2
2457748.287918 0.000017 0.006268 0.005767 1 2
2457748.287936 0.000017 -0.001535 -0.003650 1 2
2457748.287953 0.000017 0.000133 0.003266 1 2
2457748.287971 0.000017 -0.002370 -0.002668 1 2
2457748.287989 0.000017 0.008898 0.002503 1 2
2457748.288006 0.000017 0.000782 0.002418 1 2
2457748.288024 0.000017 0.003183 0.002566 1 2
2457748.288041 0.000017 -0.001957 -0.002742 1 2
2457748.288059 0.000017 0.004480 0.002786 1 2
2457748.288076 0.000017 0.000837 0.002443 1 2
2457748.288094 0.000017 0.000897 0.002473 1 2
2457748.288111 0.000017 0.003214 0.002505 1 2
2457748.288129 0.000017 0.002507 0.002758 1 2
2457748.288146 0.000017 -0.000901 -0.002417 1 2
2457748.288164 0.000017 0.000939 0.002227 1 2
2457748.288181 0.000017 0.000610 0.002009 1 2
2457748.288199 0.000017 0.000789 0.001957 1 2
2457748.288216 0.000017 0.000624 0.001996 1 2
2457748.288234 0.000017 0.003792 0.002241 1 2
2457748.288251 0.000017 -0.005367 -0.002402 1 2
2457748.288269 0.000017 -0.000791 -0.002959 1 2
2457748.288286 0.000017 0.000758 0.003069 1 2
2457748.288304 0.000017 0.000609 0.002185 1 2
2457748.288321 0.000017 0.001333 0.001991 1 2
2457748.288339 0.000017 -0.001514 -0.001800 1 2
2457748.288356 0.000017 -0.001571 -0.002360 1 2
2457748.288374 0.000017 0.000761 0.002119 1 2
2457748.288391 0.000017 -0.000368 -0.002120 1 2
2457748.288409 0.000017 0.001239 0.002591 1 2
2457748.288426 0.000017 -0.001912 -0.002608 1 2
2457748.288444 0.000017 0.001272 0.002606 1 2
2457748.288461 0.000017 0.005356 0.002111 1 2
2457748.288479 0.000017 0.000578 0.002133 1 2
2457748.288496 0.000017 0.002442 0.002092 1 2
2457748.288514 0.000017 0.004463 0.002299 1 2
2457748.288531 0.000017 0.000060 0.001751 1 2
2457748.288550 0.000017 0.000332 0.001912 1 2
2457748.288566 0.000017 0.002987 0.001794 1 2
2457748.288584 0.000017 0.000495 0.001895 1 2
2457748.288602 0.000017 0.001626 0.001741 1 2
2457748.288619 0.000017 0.001151 0.001735 1 2
2457748.288638 0.000017 0.003856 0.001898 1 2
2457748.288654 0.000017 0.003499 0.001966 1 2
2457748.288672 0.000017 0.003144 0.001800 1 2
2457748.288689 0.000017 0.001321 0.001805 1 2
2457748.288707 0.000017 0.003623 0.001999 1 2
2457748.288725 0.000017 0.001641 0.002133 1 2
2457748.288742 0.000017 -0.001698 -0.001620 1 2
2457748.288760 0.000017 0.001461 0.001882 1 2
2457748.288777 0.000017 0.001678 0.001854 1 2
2457748.288794 0.000017 0.000618 0.001802 1 2
2457748.288813 0.000017 -0.000624 -0.001723 1 2
2457748.288829 0.000017 0.002287 0.001846 1 2
2457748.288848 0.000017 0.000752 0.001891 1 2
2457748.288864 0.000017 0.005039 0.001934 1 2
2457748.288882 0.000017 0.001638 0.001864 1 2
2457748.288900 0.000017 0.000550 0.001802 1 2
2457748.288917 0.000017 0.005077 0.002007 1 2
2457748.288935 0.000017 0.001338 0.001833 1 2
2457748.288953 0.000017 0.002344 0.001960 1 2
2457748.288970 0.000017 0.001891 0.001868 1 2
2457748.288988 0.000017 -0.000015 -0.001794 1 2
2457748.289004 0.000017 0.000250 0.001943 1 2
2457748.289023 0.000017 -0.000061 -0.001989 1 2
2457748.289040 0.000017 0.001686 0.001827 1 2
2457748.289058 0.000017 0.000691 0.001735 1 2
2457748.289075 0.000017 -0.000843 -0.001857 1 2
2457748.289092 0.000017 0.002115 0.002000 1 2
2457748.289110 0.000017 0.003010 0.001937 1 2
2457748.289128 0.000017 0.002201 0.001906 1 2
2457748.289145 0.000017 0.003932 0.001906 1 2
2457748.289163 0.000017 -0.001312 -0.001801 1 2
2457748.289181 0.000017 -0.001763 -0.002006 1 2
2457748.289198 0.000017 0.001340 0.001972 1 2
2457748.289216 0.000017 0.000291 0.001830 1 2
2457748.289233 0.000017 0.001583 0.001847 1 2
2457748.289251 0.000017 0.004149 0.001994 1 2
2457748.289268 0.000017 -0.000326 -0.002132 1 2
2457748.289286 0.000017 -0.000100 -0.001856 1 2
2457748.289303 0.000017 0.001809 0.002016 1 2
2457748.289321 0.000017 0.001252 0.001731 1 2
2457748.289338 0.000017 -0.001495 -0.001786 1 2
2457748.289356 0.000017 0.002935 0.001944 1 2
2457748.289373 0.000017 -0.001235 -0.001860 1 2
2457748.289391 0.000017 -0.002292 -0.001822 1 2
2457748.289408 0.000017 0.000346 0.002022 1 2
2457748.289426 0.000017 0.004172 0.001737 1 2
2457748.289443 0.000017 0.003089 0.001814 1 2
2457748.289461 0.000017 -0.002492 -0.001882 1 2
2457748.289478 0.000017 -0.000350 -0.001845 1 2
2457748.289496 0.000017 0.000547 0.002119 1 2
2457748.289513 0.000017 0.001407 0.001990 1 2
2457748.289531 0.000017 -0.000008 -0.001915 1 2
2457748.289548 0.000017 0.000815 0.001921 1 2
2457748.289566 0.000017 -0.001298 -0.002138 1 2
2457748.289583 0.000017 -0.002118 -0.001863 1 2
2457748.289601 0.000017 0.003118 0.001883 1 2
2457748.289618 0.000017 -0.000501 -0.001921 1 2
2457748.289636 0.000017 0.000281 0.001772 1 2
2457748.289653 0.000017 0.001032 0.001806 1 2
2457748.289671 0.000017 0.000752 0.001831 1 2
2457748.289688 0.000017 0.003512 0.002033 1 2
2457748.289706 0.000017 0.000155 0.001794 1 2
2457748.289723 0.000017 0.000419 0.002016 1 2
2457748.289741 0.000017 -0.000762 -0.001931 1 2
2457748.289758 0.000017 -0.000630 -0.002258 1 2
2457748.289776 0.000017 0.004854 0.002004 1 2
2457748.289794 0.000017 -0.000109 -0.001951 1 2
2457748.289811 0.000017 0.002647 0.001976 1 2
2457748.289829 0.000017 0.002135 0.001742 1 2
2457748.289846 0.000017 0.002032 0.001925 1 2
2457748.289864 0.000017 0.004046 0.001965 1 2
2457748.289881 0.000017 0.007263 0.002081 1 2
2457748.289899 0.000017 0.004388 0.002014 1 2
2457748.289916 0.000017 0.004084 0.002096 1 2
2457748.289934 0.000017 0.005074 0.001976 1 2
2457748.289951 0.000017 0.005429 0.001891 1 2
2457748.289969 0.000017 0.008838 0.001995 1 2
2457748.289986 0.000017 0.003982 0.001843 1 2
2457748.290004 0.000017 0.006209 0.001883 1 2
2457748.290021 0.000017 0.008508 0.001971 1 2
2457748.290039 0.000017 0.006771 0.002039 1 2
2457748.290056 0.000017 0.008662 0.002188 1 2
2457748.290074 0.000017 0.009558 0.002096 1 2
2457748.290091 0.000017 0.012441 0.002069 1 2
2457748.290109 0.000017 0.014171 0.002110 1 2
2457748.290126 0.000017 0.012081 0.002206 1 2
2457748.290144 0.000017 0.012811 0.001970 1 2
2457748.290161 0.000017 0.011318 0.002001 1 2
2457748.290179 0.000017 0.013231 0.001968 1 2
2457748.290196 0.000017 0.018083 0.002102 1 2
2457748.290214 0.000017 0.020006 0.001997 1 2
2457748.290231 0.000017 0.020498 0.002047 1 2
2457748.290249 0.000017 0.025657 0.002315 1 2
2457748.290266 0.000017 0.028262 0.002314 1 2
2457748.290284 0.000017 0.024280 0.002316 1 2
2457748.290301 0.000017 0.018798 0.002080 1 2
2457748.290319 0.000017 0.021450 0.002082 1 2
2457748.290336 0.000017 0.028572 0.002247 1 2
2457748.290354 0.000017 0.024476 0.002213 1 2
2457748.290371 0.000017 0.026433 0.002251 1 2
2457748.290389 0.000017 0.023728 0.002214 1 2
2457748.290407 0.000017 0.021342 0.002425 1 2
2457748.290424 0.000017 0.025499 0.002276 1 2
2457748.290442 0.000017 0.022682 0.002458 1 2
2457748.290459 0.000017 0.023928 0.002536 1 2
2457748.290477 0.000017 0.027122 0.002612 1 2
2457748.290494 0.000017 0.023449 0.002192 1 2
2457748.290512 0.000017 0.024876 0.002331 1 2
2457748.290529 0.000017 0.017586 0.002159 1 2
2457748.290547 0.000017 0.029373 0.002454 1 2
2457748.290564 0.000017 0.023234 0.002563 1 2
2457748.290582 0.000017 0.027252 0.002800 1 2
2457748.290599 0.000017 0.025605 0.002241 1 2
2457748.290617 0.000017 0.023941 0.002349 1 2
2457748.290634 0.000017 0.022913 0.002482 1 2
2457748.290652 0.000017 0.031287 0.002678 1 2
2457748.290669 0.000017 0.022876 0.002721 1 2
2457748.290687 0.000017 0.022087 0.003030 1 2
2457748.290704 0.000017 0.022450 0.003109 1 2
2457748.290722 0.000017 0.024107 0.002740 1 2
2457748.290739 0.000017 0.030594 0.002852 1 2
2457748.290757 0.000017 0.020289 0.002655 1 2
2457748.290774 0.000017 0.019824 0.002878 1 2
2457748.290792 0.000017 0.023897 0.002576 1 2
2457748.290809 0.000017 0.026555 0.003010 1 2
2457748.290827 0.000017 0.023856 0.002937 1 2
2457748.290844 0.000017 0.021374 0.002637 1 2
2457748.290862 0.000017 0.024517 0.002511 1 2
2457748.290879 0.000017 0.023157 0.002661 1 2
2457748.290897 0.000017 0.026525 0.002488 1 2
2457748.290914 0.000017 0.020157 0.002394 1 2
2457748.290932 0.000017 0.022438 0.002261 1 2
2457748.290949 0.000017 0.024906 0.002247 1 2
2457748.290967 0.000017 0.020726 0.002362 1 2
2457748.290985 0.000017 0.024766 0.002365 1 2
2457748.291002 0.000017 0.025937 0.002523 1 2
2457748.291020 0.000017 0.021515 0.002463 1 2
2457748.291037 0.000017 0.023184 0.002581 1 2
2457748.291055 0.000017 0.023646 0.002674 1 2
2457748.291072 0.000017 0.022862 0.002502 1 2
2457748.291090 0.000017 0.026985 0.002705 1 2
2457748.291107 0.000017 0.029516 0.002859 1 2
2457748.291125 0.000017 0.024859 0.002893 1 2
2457748.291142 0.000017 0.023343 0.002762 1 2
2457748.291160 0.000017 0.029327 0.002896 1 2
2457748.291177 0.000017 0.024369 0.002838 1 2
2457748.291195 0.000017 0.029123 0.003314 1 2
2457748.291212 0.000017 0.014772 0.004802 1 2
2457748.291230 0.000017 0.014609 0.007088 1 2
2457748.291247 0.000017 0.024395 0.010545 1 2
2457748.291265 0.000017 0.023683 0.010580 1 2
2457748.291282 0.000017 0.024696 0.012998 1 2
2457748.291300 0.000017 0.025390 0.012534 1 2
2457748.291317 0.000017 0.027721 0.004976 1 2
2457748.291335 0.000017 0.022007 0.003529 1 2
2457748.291352 0.000017 0.015024 0.002957 1 2
2457748.291370 0.000017 0.030803 0.006253 1 2
2457748.291387 0.000017 0.020048 0.003919 1 2
2457748.291405 0.000017 0.031491 0.004009 1 2
2457748.291422 0.000017 0.009917 0.008425 1 2
2457748.291440 0.000017 0.024443 0.006897 1 2
2457748.291457 0.000017 0.025620 0.005793 1 2
2457748.291475 0.000017 0.026694 0.006168 1 2
2457748.291492 0.000017 0.022202 0.006406 1 2
2457748.291510 0.000017 0.022575 0.006049 1 2
2457748.291527 0.000017 0.028748 0.009169 1 2
2457748.291545 0.000017 0.005754 0.007792 1 2
2457748.291562 0.000017 0.025911 0.005885 1 2
2457748.291580 0.000017 0.024235 0.004617 1 2
2457748.291598 0.000017 0.032420 0.003648 1 2
2457748.291615 0.000017 0.023140 0.004709 1 2
2457748.291633 0.000017 0.025613 0.005680 1 2
2457748.291650 0.000017 0.028890 0.008447 1 2
2457748.291668 0.000017 0.034848 0.005959 1 2
2457748.291685 0.000017 0.012764 0.004754 1 2
2457748.291703 0.000017 0.026173 0.005213 1 2
2457748.291720 0.000017 0.028343 0.003320 1 2
2457748.291738 0.000017 0.025527 0.002649 1 2
2457748.291755 0.000017 0.024532 0.002885 1 2
2457748.291773 0.000017 0.028992 0.003246 1 2
2457748.291790 0.000017 0.026535 0.003592 1 2
2457748.291808 0.000017 0.023451 0.003579 1 2
2457748.291825 0.000017 0.023871 0.003581 1 2
2457748.291843 0.000017 0.026456 0.003418 1 2
2457748.291860 0.000017 0.031432 0.003268 1 2
2457748.291878 0.000017 0.030130 0.003108 1 2
2457748.291895 0.000017 0.023595 0.002735 1 2
2457748.291913 0.000017 0.023526 0.002984 1 2
2457748.291930 0.000017 0.021321 0.002408 1 2
2457748.291948 0.000017 0.023715 0.002425 1 2
2457748.291965 0.000017 0.022178 0.002659 1 2
2457748.291983 0.000017 0.029825 0.002450 1 2
2457748.292000 0.000017 0.023888 0.002421 1 2
2457748.292018 0.000017 0.031556 0.002726 1 2
2457748.292035 0.000017 0.024185 0.002584 1 2
2457748.292053 0.000017 0.021815 0.002768 1 2
2457748.292070 0.000017 0.022169 0.002434 1 2
2457748.292088 0.000017 0.024312 0.002230 1 2
2457748.292105 0.000017 0.023546 0.002157 1 2
2457748.292123 0.000017 0.026948 0.002273 1 2
2457748.292140 0.000017 0.023530 0.002353 1 2
2457748.292158 0.000017 0.026925 0.002351 1 2
2457748.292175 0.000017 0.021843 0.002392 1 2
2457748.292193 0.000017 0.022924 0.002340 1 2
2457748.292211 0.000017 0.027229 0.002495 1 2
2457748.292228 0.000017 0.031036 0.002309 1 2
2457748.292246 0.000017 0.026544 0.002387 1 2
2457748.292263 0.000017 0.024540 0.002244 1 2
2457748.292281 0.000017 0.025232 0.002350 1 2
2457748.292298 0.000017 0.020073 0.002085 1 2
2457748.292316 0.000017 0.023848 0.002286 1 2
2457748.292333 0.000017 0.025700 0.002263 1 2
2457748.292351 0.000017 0.025254 0.002097 1 2
2457748.292368 0.000017 0.024059 0.002236 1 2
2457748.292386 0.000017 0.024891 0.002308 1 2
2457748.292403 0.000017 0.023777 0.002209 1 2
2457748.292421 0.000017 0.027584 0.002219 1 2
2457748.292438 0.000017 0.021978 0.002338 1 2
2457748.292456 0.000017 0.023725 0.002304 1 2
2457748.292473 0.000017 0.018289 0.002616 1 2
2457748.292491 0.000017 0.021165 0.002622 1 2
2457748.292508 0.000017 0.024671 0.002743 1 2
2457748.292526 0.000017 0.022837 0.002989 1 2
2457748.292543 0.000017 0.024972 0.002993 1 2
2457748.292561 0.000017 0.023287 0.002692 1 2
2457748.292578 0.000017 0.027412 0.002695 1 2
2457748.292596 0.000017 0.028327 0.002496 1 2
2457748.292613 0.000017 0.026657 0.002318 1 2
2457748.292631 0.000017 0.023349 0.002615 1 2
2457748.292648 0.000017 0.018900 0.002652 1 2
2457748.292666 0.000017 0.023701 0.002676 1 2
2457748.292683 0.000017 0.024474 0.002347 1 2
2457748.292701 0.000017 0.029790 0.002484 1 2
2457748.292718 0.000017 0.022409 0.002436 1 2
2457748.292736 0.000017 0.025971 0.002506 1 2
2457748.292753 0.000017 0.025463 0.002630 1 2
2457748.292771 0.000017 0.025877 0.002325 1 2
2457748.292788 0.000017 0.027994 0.002448 1 2
2457748.292806 0.000017 0.029787 0.002478 1 2
2457748.292824 0.000017 0.031144 0.002600 1 2
2457748.292841 0.000017 0.027755 0.002558 1 2
2457748.292859 0.000017 0.028875 0.002287 1 2
2457748.292876 0.000017 0.025073 0.002236 1 2
2457748.292894 0.000017 0.025511 0.002287 1 2
2457748.292911 0.000017 0.025633 0.002133 1 2
2457748.292929 0.000017 0.031409 0.002644 1 2
2457748.292946 0.000017 0.026542 0.002656 1 2
2457748.292964 0.000017 0.024917 0.002733 1 2
2457748.292981 0.000017 0.029191 0.002567 1 2
2457748.292999 0.000017 0.024365 0.002432 1 2
2457748.293016 0.000017 0.025197 0.002259 1 2
2457748.293034 0.000017 0.023540 0.002366 1 2
2457748.293051 0.000017 0.028576 0.002699 1 2
2457748.293069 0.000017 0.027834 0.002490 1 2
2457748.293086 0.000017 0.029428 0.002331 1 2
2457748.293104 0.000017 0.029884 0.002219 1 2
2457748.293121 0.000017 0.024803 0.002675 1 2
2457748.293139 0.000017 0.028588 0.002232 1 2
2457748.293156 0.000017 0.028916 0.002385 1 2
2457748.293174 0.000017 0.026555 0.002221 1 2
2457748.293191 0.000017 0.034016 0.002326 1 2
2457748.293209 0.000017 0.028550 0.002276 1 2
2457748.293226 0.000017 0.026480 0.002062 1 2
2457748.293244 0.000017 0.025961 0.002136 1 2
2457748.293261 0.000017 0.029906 0.002260 1 2
2457748.293279 0.000017 0.031277 0.002075 1 2
2457748.293296 0.000017 0.031353 0.002150 1 2
2457748.293314 0.000017 0.028592 0.002140 1 2
2457748.293331 0.000017 0.028823 0.002197 1 2
2457748.293349 0.000017 0.026749 0.002064 1 2
2457748.293366 0.000017 0.028245 0.002174 1 2
2457748.293384 0.000017 0.030177 0.002069 1 2
2457748.293402 0.000017 0.029587 0.002165 1 2
2457748.293419 0.000017 0.028630 0.002052 1 2
2457748.293437 0.000017 0.031885 0.002109 1 2
2457748.293454 0.000017 0.027328 0.002128 1 2
2457748.293472 0.000017 0.032046 0.002288 1 2
2457748.293489 0.000017 0.029200 0.002162 1 2
2457748.293507 0.000017 0.030264 0.002462 1 2
2457748.293524 0.000017 0.027157 0.002335 1 2
2457748.293542 0.000017 0.029926 0.002053 1 2
2457748.293559 0.000017 0.028283 0.002074 1 2
2457748.293577 0.000017 0.028699 0.002069 1 2
2457748.293594 0.000017 0.033305 0.002018 1 2
2457748.293612 0.000017 0.030352 0.002096 1 2
2457748.293629 0.000017 0.028798 0.002013 1 2
2457748.293647 0.000017 0.025984 0.001988 1 2
2457748.293664 0.000017 0.030064 0.001977 1 2
2457748.293682 0.000017 0.031914 0.002156 1 2
2457748.293699 0.000017 0.026543 0.002007 1 2
2457748.293717 0.000017 0.026336 0.002046 1 2
2457748.293734 0.000017 0.031181 0.002203 1 2
2457748.293752 0.000017 0.030777 0.002133 1 2
2457748.293769 0.000017 0.028128 0.002269 1 2
2457748.293787 0.000017 0.029541 0.002198 1 2
2457748.293804 0.000017 0.028171 0.002135 1 2
2457748.293822 0.000017 0.028675 0.002166 1 2
2457748.293839 0.000017 0.032783 0.002081 1 2
2457748.293857 0.000017 0.027622 0.002058 1 2
2457748.293874 0.000017 0.028065 0.002032 1 2
2457748.293892 0.000017 0.027165 0.002015 1 2
2457748.293909 0.000017 0.023675 0.002101 1 2
2457748.293927 0.000017 0.026481 0.002092 1 2
2457748.293944 0.000017 0.027303 0.002119 1 2
2457748.293962 0.000017 0.024739 0.002006 1 2
2457748.293979 0.000017 0.028914 0.001963 1 2
2457748.293997 0.000017 0.026045 0.002059 1 2
2457748.294015 0.000017 0.026615 0.001983 1 2
2457748.294032 0.000017 0.026315 0.002128 1 2
2457748.294050 0.000017 0.028554 0.002083 1 2
2457748.294067 0.000017 0.030942 0.002085 1 2
2457748.294085 0.000017 0.025845 0.002058 1 2
2457748.294102 0.000017 0.029213 0.002068 1 2
2457748.294120 0.000017 0.028822 0.002104 1 2
2457748.294137 0.000017 0.024524 0.002127 1 2
2457748.294155 0.000017 0.029754 0.002137 1 2
2457748.294172 0.000017 0.024209 0.002216 1 2
2457748.294190 0.000017 0.027122 0.002192 1 2
2457748.294207 0.000017 0.026033 0.002119 1 2
2457748.294225 0.000017 0.031849 0.002160 1 2
2457748.294242 0.000017 0.029767 0.002053 1 2
2457748.294260 0.000017 0.026397 0.002124 1 2
2457748.294277 0.000017 0.034527 0.002116 1 2
2457748.294295 0.000017 0.031482 0.002214 1 2
2457748.294312 0.000017 0.027919 0.002122 1 2
2457748.294330 0.000017 0.026382 0.002165 1 2
2457748.294347 0.000017 0.030563 0.002200 1 2
2457748.294365 0.000017 0.022241 0.002012 1 2
2457748.294382 0.000017 0.029067 0.002074 1 2
2457748.294400 0.000017 0.029831 0.002085 1 2
2457748.294417 0.000017 0.026922 0.002034 1 2
2457748.294435 0.000017 0.026847 0.002063 1 2
2457748.294452 0.000017 0.022632 0.002064 1 2
2457748.294470 0.000017 0.029630 0.002247 1 2
2457748.294487 0.000017 0.026570 0.002073 1 2
2457748.294505 0.000017 0.027411 0.002225 1 2
2457748.294522 0.000017 0.024423 0.002157 1 2
2457748.294540 0.000017 0.028306 0.002129 1 2
2457748.294557 0.000017 0.020443 0.002224 1 2
2457748.294575 0.000017 0.031501 0.002420 1 2
2457748.294592 0.000017 0.027863 0.002046 1 2
2457748.294610 0.000017 0.029241 0.002194 1 2
2457748.294628 0.000017 0.026722 0.002202 1 2
2457748.294645 0.000017 0.027373 0.002234 1 2
2457748.294663 0.000017 0.028566 0.002125 1 2
2457748.294680 0.000017 0.032279 0.002051 1 2
2457748.294698 0.000017 0.023182 0.002203 1 2
2457748.294715 0.000017 0.029361 0.002152 1 2
2457748.294733 0.000017 0.031933 0.002173 1 2
2457748.294750 0.000017 0.027411 0.002113 1 2
2457748.294768 0.000017 0.028964 0.002204 1 2
2457748.294785 0.000017 0.023752 0.002130 1 2
2457748.294803 0.000017 0.025022 0.002067 1 2
2457748.294820 0.000017 0.027202 0.002341 1 2
2457748.294838 0.000017 0.025210 0.002187 1 2
2457748.294855 0.000017 0.026178 0.002177 1 2
2457748.294873 0.000017 0.022817 0.001995 1 2
2457748.294890 0.000017 0.029563 0.002128 1 2
2457748.294908 0.000017 0.028728 0.002029 1 2
2457748.294925 0.000017 0.030381 0.002126 1 2
2457748.294943 0.000017 0.026163 0.001981 1 2
2457748.294960 0.000017 0.026444 0.002158 1 2
2457748.294978 0.000017 0.023944 0.001979 1 2
2457748.294995 0.000017 0.031469 0.002189 1 2
2457748.295013 0.000017 0.030315 0.002258 1 2
2457748.295030 0.000017 0.028302 0.002328 1 2
2457748.295048 0.000017 0.029356 0.002073 1 2
2457748.295065 0.000017 0.026377 0.002186 1 2
2457748.295083 0.000017 0.027994 0.002160 1 2
2457748.295100 0.000017 0.028432 0.002093 1 2
2457748.295118 0.000017 0.022783 0.002034 1 2
2457748.295135 0.000017 0.024568 0.002044 1 2
2457748.295153 0.000017 0.031128 0.002216 1 2
2457748.295170 0.000017 0.026151 0.002092 1 2
2457748.295188 0.000017 0.026331 0.002211 1 2
2457748.295206 0.000017 0.033066 0.002204 1 2
2457748.295223 0.000017 0.029434 0.002128 1 2
2457748.295241 0.000017 0.030355 0.002230 1 2
2457748.295258 0.000017 0.027899 0.002233 1 2
2457748.295276 0.000017 0.024942 0.002139 1 2
2457748.295293 0.000017 0.024218 0.002229 1 2
2457748.295311 0.000017 0.024112 0.002224 1 2
2457748.295328 0.000017 0.030170 0.002210 1 2
2457748.295346 0.000017 0.023970 0.002475 1 2
2457748.295363 0.000017 0.028941 0.002645 1 2
2457748.295381 0.000017 0.026383 0.002365 1 2
2457748.295398 0.000017 0.023358 0.002306 1 2
2457748.295416 0.000017 0.033078 0.002347 1 2
2457748.295433 0.000017 0.028781 0.002386 1 2
2457748.295451 0.000017 0.026886 0.002136 1 2
2457748.295468 0.000017 0.024502 0.002308 1 2
2457748.295486 0.000017 0.028037 0.002553 1 2
2457748.295503 0.000017 0.025887 0.002452 1 2
2457748.295521 0.000017 0.027303 0.002123 1 2
2457748.295538 0.000017 0.030415 0.002221 1 2
2457748.295556 0.000017 0.029591 0.002337 1 2
2457748.295573 0.000017 0.028890 0.002430 1 2
2457748.295591 0.000017 0.028530 0.002241 1 2
2457748.295608 0.000017 0.027974 0.002095 1 2
2457748.295626 0.000017 0.025595 0.002093 1 2
2457748.295643 0.000017 0.029860 0.002061 1 2
2457748.295661 0.000017 0.034657 0.002341 1 2
2457748.295678 0.000017 0.029750 0.002246 1 2
2457748.295696 0.000017 0.027922 0.002246 1 2
2457748.295713 0.000017 0.030973 0.002207 1 2
2457748.295731 0.000017 0.030878 0.002173 1 2
2457748.295748 0.000017 0.029637 0.002343 1 2
2457748.295766 0.000017 0.030212 0.002341 1 2
2457748.295783 0.000017 0.036308 0.002419 1 2
2457748.295801 0.000017 0.026630 0.002721 1 2
2457748.295819 0.000017 0.025700 0.002931 1 2
2457748.295836 0.000017 0.032254 0.002836 1 2
2457748.295854 0.000017 0.031021 0.002977 1 2
2457748.295871 0.000017 0.037870 0.003970 1 2
2457748.295889 0.000017 0.022718 0.004073 1 2
2457748.295906 0.000017 0.030286 0.005124 1 2
2457748.295924 0.000017 0.034597 0.005090 1 2
2457748.295941 0.000017 0.035341 0.004367 1 2
2457748.295959 0.000017 0.027731 0.004560 1 2
2457748.295976 0.000017 0.030493 0.004524 1 2
2457748.295994 0.000017 0.033038 0.003675 1 2
2457748.297027 0.000017 0.024586 0.001969 1 2
2457748.297045 0.000017 0.032183 0.002192 1 2
2457748.297062 0.000017 0.024602 0.002072 1 2
2457748.297080 0.000017 0.023142 0.002040 1 2
2457748.297097 0.000017 0.026067 0.002073 1 2
2457748.297115 0.000017 0.026594 0.002056 1 2
2457748.297132 0.000017 0.022777 0.002056 1 2
2457748.297150 0.000017 0.026372 0.001961 1 2
2457748.297167 0.000017 0.028729 0.002124 1 2
2457748.297185 0.000017 0.027092 0.002082 1 2
2457748.297202 0.000017 0.026390 0.002064 1 2
2457748.297220 0.000017 0.025259 0.001900 1 2
2457748.297237 0.000017 0.029294 0.002021 1 2
2457748.297255 0.000017 0.029378 0.002034 1 2
2457748.297272 0.000017 0.028762 0.002105 1 2
2457748.297290 0.000017 0.026880 0.002058 1 2
2457748.297307 0.000017 0.029292 0.002169 1 2
2457748.297325 0.000017 0.029974 0.002162 1 2
2457748.297342 0.000017 0.027413 0.002223 1 2
2457748.297360 0.000017 0.029144 0.002212 1 2
2457748.297377 0.000017 0.024093 0.002104 1 2
2457748.297395 0.000017 0.030133 0.002281 1 2
2457748.297412 0.000017 0.025048 0.002682 1 2
2457748.297430 0.000017 0.024542 0.003257 1 2
2457748.297447 0.000017 0.029068 0.002374 1 2
2457748.297465 0.000017 0.029679 0.002233 1 2
2457748.297482 0.000017 0.024834 0.002013 1 2
2457748.297500 0.000017 0.029979 0.002167 1 2
2457748.297517 0.000017 0.027747 0.002204 1 2
2457748.297535 0.000017 0.026019 0.002217 1 2
2457748.297552 0.000017 0.031363 0.002255 1 2
2457748.297570 0.000017 0.027993 0.002086 1 2
2457748.297587 0.000017 0.029885 0.002162 1 2
2457748.297605 0.000017 0.031079 0.002234 1 2
2457748.297623 0.000017 0.032040 0.002154 1 2
2457748.297640 0.000017 0.025943 0.002100 1 2
2457748.297658 0.000017 0.030158 0.002017 1 2
2457748.297675 0.000017 0.027968 0.001982 1 2
2457748.297693 0.000017 0.029123 0.002156 1 2
2457748.297710 0.000017 0.030115 0.002137 1 2
2457748.297728 0.000017 0.029646 0.002257 1 2
2457748.297745 0.000017 0.027527 0.002079 1 2
2457748.297763 0.000017 0.025007 0.002000 1 2
2457748.297780 0.000017 0.030051 0.002136 1 2
2457748.297798 0.000017 0.028001 0.002286 1 2
2457748.297815 0.000017 0.028484 0.002173 1 2
2457748.297833 0.000017 0.028160 0.002158 1 2
2457748.297850 0.000017 0.024571 0.002226 1 2
2457748.297868 0.000017 0.032683 0.002181 1 2
2457748.297885 0.000017 0.026914 0.001997 1 2
2457748.297903 0.000017 0.026456 0.002065 1 2
2457748.297920 0.000017 0.030100 0.002121 1 2
2457748.297938 0.000017 0.026227 0.002013 1 2
2457748.297955 0.000017 0.028959 0.002134 1 2
2457748.297973 0.000017 0.029126 0.002289 1 2
2457748.297990 0.000017 0.026270 0.002369 1 2
2457748.298008 0.000017 0.025410 0.002052 1 2
2457748.298025 0.000017 0.026426 0.002046 1 2
2457748.298043 0.000017 0.029589 0.002171 1 2
2457748.298060 0.000017 0.024546 0.002068 1 2
2457748.298078 0.000017 0.029755 0.002107 1 2
2457748.298095 0.000017 0.028712 0.002036 1 2
2457748.298113 0.000017 0.025547 0.001999 1 2
2457748.298130 0.000017 0.027995 0.002095 1 2
2457748.298148 0.000017 0.025497 0.002146 1 2
2457748.298165 0.000017 0.029520 0.002125 1 2
2457748.298183 0.000017 0.026091 0.002031 1 2
2457748.298200 0.000017 0.029298 0.002224 1 2
2457748.298218 0.000017 0.028305 0.002101 1 2
2457748.298236 0.000017 0.028773 0.002132 1 2
2457748.298253 0.000017 0.023093 0.002095 1 2
2457748.298271 0.000017 0.029466 0.002025 1 2
2457748.298288 0.000017 0.030626 0.002201 1 2
2457748.298306 0.000017 0.031905 0.002199 1 2
2457748.298323 0.000017 0.028151 0.002245 1 2
2457748.298341 0.000017 0.030564 0.002025 1 2
2457748.298358 0.000017 0.026204 0.001890 1 2
2457748.298376 0.000017 0.026628 0.001926 1 2
2457748.298393 0.000017 0.025384 0.002139 1 2
2457748.298411 0.000017 0.027442 0.002121 1 2
2457748.298428 0.000017 0.025284 0.002086 1 2
2457748.298446 0.000017 0.029699 0.002032 1 2
2457748.298463 0.000017 0.024394 0.002160 1 2
2457748.298481 0.000017 0.026893 0.002115 1 2
2457748.298498 0.000017 0.026657 0.002128 1 2
2457748.298516 0.000017 0.022988 0.002042 1 2
2457748.298533 0.000017 0.022171 0.002187 1 2
2457748.298551 0.000017 0.028650 0.002191 1 2
2457748.298568 0.000017 0.025794 0.001959 1 2
2457748.298586 0.000017 0.028619 0.002164 1 2
2457748.298603 0.000017 0.028244 0.002320 1 2
2457748.298621 0.000017 0.023939 0.002880 1 2
2457748.298638 0.000017 0.026412 0.002671 1 2
2457748.298656 0.000017 0.028147 0.002681 1 2
2457748.298673 0.000017 0.023108 0.003513 1 2
2457748.298691 0.000017 0.023173 0.002863 1 2
2457748.298708 0.000017 0.027786 0.002945 1 2
2457748.298726 0.000017 0.024578 0.002887 1 2
2457748.298743 0.000017 0.022149 0.003016 1 2
2457748.298761 0.000017 0.027990 0.003448 1 2
2457748.298778 0.000017 0.025587 0.003747 1 2
2457748.298796 0.000017 0.024184 0.002745 1 2
2457748.298814 0.000017 0.022075 0.003042 1 2
2457748.298831 0.000017 0.024531 0.002685 1 2
2457748.298849 0.000017 0.026324 0.002461 1 2
2457748.298866 0.000017 0.029060 0.003598 1 2
2457748.298884 0.000017 0.038145 0.007419 1 2
2457748.298901 0.000017 0.036867 0.007665 1 2
2457748.298919 0.000017 0.026194 0.004947 1 2
2457748.298936 0.000017 0.030040 0.003739 1 2
2457748.298954 0.000017 0.029336 0.003611 1 2
2457748.298971 0.000017 0.023656 0.003609 1 2
2457748.298989 0.000017 0.024620 0.003850 1 2
2457748.299006 0.000017 0.030246 0.004576 1 2
2457748.299024 0.000017 0.015092 0.008376 1 2
2457748.299041 0.000017 0.023277 0.009488 1 2
2457748.299059 0.000017 0.033541 0.007688 1 2
2457748.299076 0.000017 0.032189 0.008722 1 2
2457748.299094 0.000017 0.038734 0.012847 1 2
2457748.299111 0.000017 0.027580 0.008222 1 2
2457748.299129 0.000017 0.035719 0.007918 1 2
2457748.299146 0.000017 0.024101 0.006801 1 2
2457748.299164 0.000017 0.030730 0.005259 1 2
2457748.299181 0.000017 0.032271 0.005355 1 2
2457748.299199 0.000017 0.033284 0.005308 1 2
2457748.299216 0.000017 0.030569 0.006260 1 2
2457748.299234 0.000017 0.022338 0.004399 1 2
2457748.299251 0.000017 0.024842 0.003654 1 2
2457748.299269 0.000017 0.024574 0.003457 1 2
2457748.299286 0.000017 0.025169 0.002863 1 2
2457748.299304 0.000017 0.028947 0.002406 1 2
2457748.299321 0.000017 0.028411 0.002408 1 2
2457748.299339 0.000017 0.026629 0.002871 1 2
2457748.299356 0.000017 0.029187 0.002299 1 2
2457748.299374 0.000017 0.024269 0.002435 1 2
2457748.299391 0.000017 0.025016 0.002271 1 2
2457748.299409 0.000017 0.025546 0.002051 1 2
2457748.299427 0.000017 0.025964 0.001966 1 2
2457748.299445 0.000017 0.027697 0.002032 1 2
2457748.299462 0.000017 0.029869 0.002074 1 2
2457748.299479 0.000017 0.027724 0.002215 1 2
2457748.299497 0.000017 0.025739 0.002035 1 2
2457748.299514 0.000017 0.031737 0.002293 1 2
2457748.299533 0.000017 0.026324 0.002230 1 2
2457748.299549 0.000017 0.022391 0.002047 1 2
2457748.299567 0.000017 0.025098 0.001999 1 2
2457748.299585 0.000017 0.024676 0.002164 1 2
2457748.299602 0.000017 0.025409 0.002332 1 2
2457748.299620 0.000017 0.025981 0.002914 1 2
2457748.299637 0.000017 0.022304 0.004317 1 2
2457748.299655 0.000017 0.033077 0.006089 1 2
2457748.299673 0.000017 0.034796 0.007314 1 2
2457748.299689 0.000017 0.020232 0.008308 1 2
2457748.299708 0.000017 0.023549 0.006707 1 2
2457748.299724 0.000017 0.031748 0.006269 1 2
2457748.299743 0.000017 0.023014 0.005374 1 2
2457748.299760 0.000017 0.022609 0.004988 1 2
2457748.299777 0.000017 0.031565 0.006233 1 2
2457748.299795 0.000017 0.027972 0.008326 1 2
2457748.299812 0.000017 0.028178 0.003715 1 2
2457748.299830 0.000017 0.022432 0.004200 1 2
2457748.299847 0.000017 0.025990 0.005798 1 2
2457748.299865 0.000017 0.036345 0.006102 1 2
2457748.299883 0.000017 0.031733 0.005357 1 2
2457748.299899 0.000017 0.024679 0.004495 1 2
2457748.299918 0.000017 0.021986 0.008045 1 2
2457748.299935 0.000017 0.021549 0.016609 1 2
2457748.299953 0.000017 0.039294 0.015323 1 2
2457748.299970 0.000017 0.046320 0.010950 1 2
2457748.299988 0.000017 0.029321 0.004817 1 2
2457748.300005 0.000017 0.028925 0.002683 1 2
2457748.300023 0.000017 0.027570 0.002417 1 2
2457748.300041 0.000017 0.027447 0.002297 1 2
2457748.300058 0.000017 0.023134 0.002391 1 2
2457748.300076 0.000017 0.023852 0.002641 1 2
2457748.300093 0.000017 0.028568 0.003081 1 2
2457748.300111 0.000017 0.026100 0.002665 1 2
2457748.300128 0.000017 0.026138 0.002662 1 2
2457748.303036 0.000017 0.029028 0.002836 1 2
2457748.303053 0.000017 0.029671 0.002195 1 2
2457748.303071 0.000017 0.027923 0.002039 1 2
2457748.303088 0.000017 0.023157 0.002040 1 2
2457748.303106 0.000017 0.026934 0.002248 1 2
2457748.303123 0.000017 0.031657 0.002236 1 2
2457748.303141 0.000017 0.025904 0.002061 1 2
2457748.303158 0.000017 0.032211 0.002319 1 2
2457748.303176 0.000017 0.028067 0.002051 1 2
2457748.303193 0.000017 0.027620 0.002026 1 2
2457748.303211 0.000017 0.030579 0.002104 1 2
2457748.303228 0.000017 0.029771 0.002128 1 2
2457748.303246 0.000017 0.027520 0.002064 1 2
2457748.303263 0.000017 0.026765 0.001930 1 2
2457748.303281 0.000017 0.024426 0.001969 1 2
2457748.303298 0.000017 0.028194 0.002038 1 2
2457748.303316 0.000017 0.023865 0.002008 1 2
2457748.303333 0.000017 0.025576 0.002187 1 2
2457748.303351 0.000017 0.029556 0.002120 1 2
2457748.303368 0.000017 0.021710 0.002074 1 2
2457748.303386 0.000017 0.028270 0.002104 1 2
2457748.303403 0.000017 0.026869 0.002033 1 2
2457748.303421 0.000017 0.025286 0.002052 1 2
2457748.303438 0.000017 0.029525 0.002118 1 2
2457748.303456 0.000017 0.026745 0.001927 1 2
2457748.303473 0.000017 0.027027 0.002074 1 2
2457748.303491 0.000017 0.027532 0.002232 1 2
2457748.303508 0.000017 0.028826 0.002177 1 2
2457748.303526 0.000017 0.028659 0.002168 1 2
2457748.303543 0.000017 0.028423 0.002068 1 2
2457748.303561 0.000017 0.029202 0.002197 1 2
2457748.303578 0.000017 0.029260 0.002161 1 2
2457748.303596 0.000017 0.028620 0.002117 1 2
2457748.303613 0.000017 0.025667 0.002024 1 2
2457748.303631 0.000017 0.027630 0.002131 1 2
2457748.303649 0.000017 0.028812 0.002135 1 2
2457748.303666 0.000017 0.025240 0.002135 1 2
2457748.303684 0.000017 0.028815 0.002066 1 2
2457748.303701 0.000017 0.027551 0.002153 1 2
2457748.303719 0.000017 0.025619 0.002218 1 2
2457748.303736 0.000017 0.024613 0.002118 1 2
2457748.303754 0.000017 0.031339 0.002126 1 2
2457748.303771 0.000017 0.024888 0.002168 1 2
2457748.303789 0.000017 0.027294 0.002170 1 2
2457748.303806 0.000017 0.026194 0.002230 1 2
2457748.303824 0.000017 0.028289 0.002330 1 2
2457748.303841 0.000017 0.026347 0.002532 1 2
2457748.303859 0.000017 0.027371 0.002563 1 2
2457748.303876 0.000017 0.028920 0.002512 1 2
2457748.303894 0.000017 0.025047 0.002423 1 2
2457748.303911 0.000017 0.029973 0.002281 1 2
2457748.303929 0.000017 0.025607 0.002249 1 2
2457748.303946 0.000017 0.024423 0.002212 1 2
2457748.303964 0.000017 0.028673 0.002642 1 2
2457748.303981 0.000017 0.031033 0.002599 1 2
2457748.303999 0.000017 0.026794 0.002286 1 2
2457748.304016 0.000017 0.028026 0.002496 1 2
2457748.304034 0.000017 0.027234 0.002314 1 2
2457748.304051 0.000017 0.025389 0.002409 1 2
2457748.304069 0.000017 0.021685 0.002451 1 2
2457748.304086 0.000017 0.025682 0.002390 1 2
2457748.304104 0.000017 0.031780 0.002925 1 2
2457748.304121 0.000017 0.023043 0.003346 1 2
2457748.304139 0.000017 0.025646 0.003759 1 2
2457748.304156 0.000017 0.032004 0.002684 1 2
2457748.304174 0.000017 0.022884 0.002445 1 2
2457748.304191 0.000017 0.029581 0.003519 1 2
2457748.304209 0.000017 0.027542 0.004074 1 2
2457748.304226 0.000017 0.018838 0.003539 1 2
2457748.304244 0.000017 0.023374 0.003671 1 2
2457748.304262 0.000017 0.028795 0.004831 1 2
2457748.304279 0.000017 0.026922 0.004111 1 2
2457748.304297 0.000017 0.023375 0.002939 1 2
2457748.304314 0.000017 0.020989 0.002751 1 2
2457748.304332 0.000017 0.025613 0.002530 1 2
2457748.304349 0.000017 0.027182 0.002297 1 2
2457748.304367 0.000017 0.027393 0.002798 1 2
2457748.304384 0.000017 0.025582 0.003199 1 2
2457748.304402 0.000017 0.032799 0.003012 1 2
2457748.304419 0.000017 0.022768 0.002390 1 2
2457748.304437 0.000017 0.026454 0.002542 1 2
2457748.304454 0.000017 0.027986 0.002318 1 2
2457748.304472 0.000017 0.029417 0.002260 1 2
2457748.304489 0.000017 0.026363 0.002272 1 2
2457748.304507 0.000017 0.030695 0.002295 1 2
2457748.304524 0.000017 0.027176 0.002806 1 2
2457748.304542 0.000017 0.019301 0.003601 1 2
2457748.304559 0.000017 0.029405 0.005465 1 2
2457748.304577 0.000017 0.035237 0.005833 1 2
2457748.304594 0.000017 0.027257 0.003695 1 2
2457748.304612 0.000017 0.027681 0.003588 1 2
2457748.304629 0.000017 0.022794 0.002996 1 2
2457748.304647 0.000017 0.029279 0.003073 1 2
2457748.304664 0.000017 0.024767 0.002916 1 2
2457748.304682 0.000017 0.023675 0.002228 1 2
2457748.304699 0.000017 0.023335 0.002100 1 2
2457748.304717 0.000017 0.032260 0.002394 1 2
2457748.304734 0.000017 0.026382 0.002080 1 2
2457748.304752 0.000017 0.025409 0.002144 1 2
2457748.304769 0.000017 0.023065 0.002115 1 2
2457748.304787 0.000017 0.027831 0.002044 1 2
2457748.304804 0.000017 0.026913 0.002084 1 2
2457748.304822 0.000017 0.025303 0.002093 1 2
2457748.304840 0.000017 0.025769 0.002123 1 2
2457748.304857 0.000017 0.021579 0.002001 1 2
2457748.304875 0.000017 0.029256 0.002266 1 2
2457748.304892 0.000017 0.027418 0.002073 1 2
2457748.304910 0.000017 0.027275 0.002116 1 2
2457748.304927 0.000017 0.024044 0.002306 1 2
2457748.304945 0.000017 0.024591 0.002200 1 2
2457748.304962 0.000017 0.027736 0.002236 1 2
2457748.304980 0.000017 0.029756 0.002099 1 2
2457748.304997 0.000017 0.027820 0.002002 1 2
2457748.305015 0.000017 0.027215 0.002031 1 2
2457748.305032 0.000017 0.029266 0.002137 1 2
2457748.305050 0.000017 0.030201 0.002088 1 2
2457748.305067 0.000017 0.024851 0.002066 1 2
2457748.305085 0.000017 0.026004 0.002210 1 2
2457748.305102 0.000017 0.028930 0.002181 1 2
2457748.305120 0.000017 0.023881 0.002095 1 2
2457748.305137 0.000017 0.026305 0.002150 1 2
2457748.305155 0.000017 0.026158 0.002043 1 2
2457748.305172 0.000017 0.024367 0.002083 1 2
2457748.305190 0.000017 0.028826 0.001981 1 2
2457748.305207 0.000017 0.028410 0.002065 1 2
2457748.305225 0.000017 0.028517 0.002049 1 2
2457748.305242 0.000017 0.025993 0.002196 1 2
2457748.305260 0.000017 0.026114 0.001974 1 2
2457748.305277 0.000017 0.028296 0.002048 1 2
2457748.305295 0.000017 0.023576 0.002032 1 2
2457748.305312 0.000017 0.028634 0.002057 1 2
2457748.305330 0.000017 0.030478 0.002024 1 2
2457748.305347 0.000017 0.024203 0.002140 1 2
2457748.305365 0.000017 0.032688 0.002246 1 2
2457748.305382 0.000017 0.025292 0.002079 1 2
2457748.305400 0.000017 0.028276 0.002134 1 2
2457748.305417 0.000017 0.028467 0.002077 1 2
2457748.305435 0.000017 0.027781 0.001966 1 2
2457748.305453 0.000017 0.027550 0.002053 1 2
2457748.305470 0.000017 0.027684 0.002192 1 2
2457748.305488 0.000017 0.028478 0.002004 1 2
2457748.305505 0.000017 0.026305 0.002234 1 2
2457748.305523 0.000017 0.028331 0.002042 1 2
2457748.305540 0.000017 0.027493 0.002060 1 2
2457748.305558 0.000017 0.029270 0.002065 1 2
2457748.305575 0.000017 0.025221 0.001961 1 2
2457748.305593 0.000017 0.024066 0.002118 1 2
2457748.305610 0.000017 0.027013 0.002018 1 2
2457748.305628 0.000017 0.028695 0.002056 1 2
2457748.305645 0.000017 0.029570 0.002221 1 2
2457748.305663 0.000017 0.026428 0.002074 1 2
2457748.305680 0.000017 0.027322 0.002068 1 2
2457748.305698 0.000017 0.027484 0.002135 1 2
2457748.305715 0.000017 0.024901 0.002158 1 2
2457748.305733 0.000017 0.026833 0.002048 1 2
2457748.305750 0.000017 0.024756 0.002054 1 2
2457748.305768 0.000017 0.025795 0.002186 1 2
2457748.305785 0.000017 0.025078 0.002140 1 2
2457748.305803 0.000017 0.028443 0.002130 1 2
2457748.305820 0.000017 0.028748 0.002142 1 2
2457748.305838 0.000017 0.028785 0.002204 1 2
2457748.305855 0.000017 0.025318 0.002064 1 2
2457748.305873 0.000017 0.027315 0.002104 1 2
2457748.305890 0.000017 0.025886 0.002006 1 2
2457748.305908 0.000017 0.023572 0.002069 1 2
2457748.305925 0.000017 0.025788 0.002120 1 2
2457748.305943 0.000017 0.028982 0.002309 1 2
2457748.305960 0.000017 0.031273 0.002197 1 2
2457748.305978 0.000017 0.022869 0.001998 1 2
2457748.305995 0.000017 0.027132 0.002097 1 2
2457748.306013 0.000017 0.027817 0.002004 1 2
2457748.306030 0.000017 0.026294 0.002088 1 2
2457748.306048 0.000017 0.031492 0.002271 1 2
2457748.306066 0.000017 0.024237 0.002094 1 2
2457748.306083 0.000017 0.030906 0.002128 1 2
2457748.306101 0.000017 0.025824 0.001974 1 2
2457748.306118 0.000017 0.026538 0.002127 1 2
2457748.306136 0.000017 0.026818 0.002260 1 2
2457748.306153 0.000017 0.027970 0.002209 1 2
2457748.306171 0.000017 0.025720 0.002236 1 2
2457748.306188 0.000017 0.024684 0.002196 1 2
2457748.306206 0.000017 0.024983 0.002119 1 2
2457748.306223 0.000017 0.023651 0.002092 1 2
2457748.306241 0.000017 0.026109 0.002260 1 2
2457748.306258 0.000017 0.028833 0.002259 1 2
2457748.306276 0.000017 0.026427 0.002325 1 2
2457748.306293 0.000017 0.027512 0.002301 1 2
2457748.306311 0.000017 0.028531 0.002261 1 2
2457748.306328 0.000017 0.027018 0.002215 1 2
2457748.306346 0.000017 0.027265 0.002262 1 2
2457748.306363 0.000017 0.026420 0.002473 1 2
2457748.306381 0.000017 0.025988 0.002422 1 2
2457748.306398 0.000017 0.029273 0.002304 1 2
2457748.306416 0.000017 0.026097 0.002300 1 2
2457748.306433 0.000017 0.032178 0.002271 1 2
2457748.306451 0.000017 0.029122 0.002133 1 2
2457748.306468 0.000017 0.028776 0.002238 1 2
2457748.306486 0.000017 0.025787 0.002424 1 2
2457748.306503 0.000017 0.026288 0.002108 1 2
2457748.306521 0.000017 0.030791 0.002200 1 2
2457748.306538 0.000017 0.026493 0.002227 1 2
2457748.306556 0.000017 0.025822 0.002254 1 2
2457748.306573 0.000017 0.025562 0.002148 1 2
2457748.306591 0.000017 0.024469 0.002256 1 2
2457748.306608 0.000017 0.026214 0.002139 1 2
2457748.306626 0.000017 0.022760 0.002118 1 2
2457748.306643 0.000017 0.024822 0.002214 1 2
2457748.306661 0.000017 0.028473 0.002136 1 2
2457748.306679 0.000017 0.032516 0.002174 1 2
2457748.306696 0.000017 0.027655 0.002306 1 2
2457748.306714 0.000017 0.026991 0.002191 1 2
2457748.306731 0.000017 0.027083 0.002157 1 2
2457748.306749 0.000017 0.029250 0.002231 1 2
2457748.306766 0.000017 0.032329 0.002435 1 2
2457748.306784 0.000017 0.026031 0.002533 1 2
2457748.306801 0.000017 0.023236 0.002266 1 2
2457748.306819 0.000017 0.027144 0.002669 1 2
2457748.306836 0.000017 0.023671 0.002598 1 2
2457748.306854 0.000017 0.029128 0.002460 1 2
2457748.306871 0.000017 0.024847 0.002467 1 2
2457748.306889 0.000017 0.022840 0.002286 1 2
2457748.306906 0.000017 0.027938 0.002383 1 2
2457748.306924 0.000017 0.025193 0.002441 1 2
2457748.306941 0.000017 0.024964 0.002441 1 2
2457748.306959 0.000017 0.025956 0.002734 1 2
2457748.306976 0.000017 0.028280 0.002233 1 2
2457748.306994 0.000017 0.027814 0.002252 1 2
2457748.309025 0.000017 0.022880 0.003665 1 2
2457748.309043 0.000017 0.024217 0.002812 1 2
2457748.309061 0.000017 0.022951 0.003413 1 2
2457748.309078 0.000017 0.027839 0.003056 1 2
2457748.309096 0.000017 0.024442 0.002779 1 2
2457748.309113 0.000017 0.028179 0.002889 1 2
2457748.309131 0.000017 0.029093 0.002145 1 2
2457748.309148 0.000017 0.022458 0.002163 1 2
2457748.309166 0.000017 0.024822 0.002436 1 2
2457748.309183 0.000017 0.027172 0.002505 1 2
2457748.309201 0.000017 0.024699 0.002303 1 2
2457748.309218 0.000017 0.025133 0.002000 1 2
2457748.309236 0.000017 0.027580 0.002160 1 2
2457748.309253 0.000017 0.027833 0.002067 1 2
2457748.309271 0.000017 0.027617 0.002016 1 2
2457748.309288 0.000017 0.024862 0.002151 1 2
2457748.309306 0.000017 0.021958 0.001980 1 2
2457748.309323 0.000017 0.027383 0.002054 1 2
2457748.309341 0.000017 0.025902 0.002133 1 2
2457748.309358 0.000017 0.022925 0.002007 1 2
2457748.309376 0.000017 0.027461 0.002139 1 2
2457748.309393 0.000017 0.022644 0.002151 1 2
2457748.309411 0.000017 0.031979 0.002208 1 2
2457748.309428 0.000017 0.026785 0.002096 1 2
2457748.309446 0.000017 0.025099 0.002196 1 2
2457748.309463 0.000017 0.028687 0.002072 1 2
2457748.309481 0.000017 0.025302 0.002195 1 2
2457748.309498 0.000017 0.024617 0.001968 1 2
2457748.309516 0.000017 0.025334 0.002104 1 2
2457748.309533 0.000017 0.025210 0.002099 1 2
2457748.309551 0.000017 0.028308 0.002136 1 2
2457748.309568 0.000017 0.026580 0.002093 1 2
2457748.309586 0.000017 0.026959 0.002015 1 2
2457748.309603 0.000017 0.031071 0.002257 1 2
2457748.309621 0.000017 0.026866 0.002014 1 2
2457748.309638 0.000017 0.028193 0.002115 1 2
2457748.309656 0.000017 0.025243 0.002097 1 2
2457748.309674 0.000017 0.025249 0.002091 1 2
2457748.309691 0.000017 0.026985 0.002125 1 2
2457748.309709 0.000017 0.029646 0.002415 1 2
2457748.309726 0.000017 0.026571 0.002074 1 2
2457748.309744 0.000017 0.029011 0.002100 1 2
2457748.309761 0.000017 0.026325 0.002050 1 2
2457748.309779 0.000017 0.027783 0.002106 1 2
2457748.309796 0.000017 0.026233 0.002088 1 2
2457748.309814 0.000017 0.028923 0.002030 1 2
2457748.309831 0.000017 0.027469 0.002243 1 2
2457748.309849 0.000017 0.027221 0.002041 1 2
2457748.309866 0.000017 0.024924 0.002097 1 2
2457748.309884 0.000017 0.028206 0.002153 1 2
2457748.309901 0.000017 0.031939 0.002082 1 2
2457748.309919 0.000017 0.029099 0.002135 1 2
2457748.309936 0.000017 0.028269 0.002082 1 2
2457748.309954 0.000017 0.026830 0.002041 1 2
2457748.309971 0.000017 0.028479 0.002065 1 2
2457748.309989 0.000017 0.027949 0.002064 1 2
2457748.310006 0.000017 0.027901 0.002119 1 2
2457748.310024 0.000017 0.030595 0.002023 1 2
2457748.310041 0.000017 0.028889 0.002082 1 2
2457748.310059 0.000017 0.024822 0.002075 1 2
2457748.310076 0.000017 0.025890 0.002005 1 2
2457748.310094 0.000017 0.027494 0.002130 1 2
2457748.310111 0.000017 0.025436 0.002097 1 2
2457748.310129 0.000017 0.030446 0.002131 1 2
2457748.310146 0.000017 0.026721 0.002148 1 2
2457748.310164 0.000017 0.029391 0.002147 1 2
2457748.310181 0.000017 0.028155 0.002053 1 2
2457748.310199 0.000017 0.029353 0.002178 1 2
2457748.310216 0.000017 0.027099 0.002217 1 2
2457748.310234 0.000017 0.025498 0.002016 1 2
2457748.310251 0.000017 0.026847 0.002012 1 2
2457748.310269 0.000017 0.023413 0.002166 1 2
2457748.310287 0.000017 0.027423 0.002215 1 2
2457748.310305 0.000017 0.028286 0.002210 1 2
2457748.310322 0.000017 0.025886 0.002098 1 2
2457748.310340 0.000017 0.031260 0.002282 1 2
2457748.310357 0.000017 0.022112 0.002184 1 2
2457748.310374 0.000017 0.027444 0.002073 1 2
2457748.310392 0.000017 0.024354 0.002200 1 2
2457748.310409 0.000017 0.025294 0.002094 1 2
2457748.310428 0.000017 0.024646 0.002065 1 2
2457748.310444 0.000017 0.029052 0.002016 1 2
2457748.310462 0.000017 0.027138 0.002062 1 2
2457748.310479 0.000017 0.026230 0.002068 1 2
2457748.310497 0.000017 0.027156 0.002070 1 2
2457748.310515 0.000017 0.029189 0.002075 1 2
2457748.310532 0.000017 0.024781 0.002134 1 2
2457748.310550 0.000017 0.030164 0.002233 1 2
2457748.310568 0.000017 0.026936 0.002087 1 2
2457748.310584 0.000017 0.026757 0.002042 1 2
2457748.310603 0.000017 0.028127 0.002167 1 2
2457748.310619 0.000017 0.024342 0.002006 1 2
2457748.310638 0.000017 0.026477 0.002112 1 2
2457748.310655 0.000017 0.024634 0.002061 1 2
2457748.310672 0.000017 0.029116 0.002050 1 2
2457748.310690 0.000017 0.023383 0.001963 1 2
2457748.310707 0.000017 0.024124 0.001977 1 2
2457748.310725 0.000017 0.022570 0.001985 1 2
2457748.310743 0.000017 0.024666 0.002048 1 2
2457748.310760 0.000017 0.025875 0.002050 1 2
2457748.310778 0.000017 0.023388 0.002042 1 2
2457748.310795 0.000017 0.026982 0.002211 1 2
2457748.310813 0.000017 0.026601 0.002157 1 2
2457748.310830 0.000017 0.027586 0.001984 1 2
2457748.310848 0.000017 0.029468 0.002071 1 2
2457748.310866 0.000017 0.027005 0.001999 1 2
2457748.310882 0.000017 0.024761 0.002144 1 2
2457748.310901 0.000017 0.024203 0.002149 1 2
2457748.310918 0.000017 0.025532 0.002064 1 2
2457748.310936 0.000017 0.021533 0.002155 1 2
2457748.310953 0.000017 0.028979 0.002215 1 2
2457748.310971 0.000017 0.030438 0.002242 1 2
2457748.310988 0.000017 0.028122 0.002161 1 2
2457748.311006 0.000017 0.025261 0.002233 1 2
2457748.311023 0.000017 0.029548 0.002184 1 2
2457748.311041 0.000017 0.028898 0.002101 1 2
2457748.311058 0.000017 0.024468 0.002127 1 2
2457748.311076 0.000017 0.026422 0.002122 1 2
2457748.311093 0.000017 0.025476 0.002248 1 2
2457748.311111 0.000017 0.027203 0.002166 1 2
2457748.311128 0.000017 0.026567 0.002271 1 2
2457748.311146 0.000017 0.024612 0.002097 1 2
2457748.311163 0.000017 0.027282 0.002114 1 2
2457748.311181 0.000017 0.025732 0.002181 1 2
2457748.311198 0.000017 0.029577 0.002274 1 2
2457748.311216 0.000017 0.032506 0.002174 1 2
2457748.311233 0.000017 0.026085 0.002116 1 2
2457748.311251 0.000017 0.026168 0.002201 1 2
2457748.311268 0.000017 0.027102 0.002175 1 2
2457748.311286 0.000017 0.025459 0.002141 1 2
2457748.311303 0.000017 0.027889 0.002128 1 2
2457748.311321 0.000017 0.025979 0.002125 1 2
2457748.311338 0.000017 0.025654 0.002191 1 2
2457748.311356 0.000017 0.030256 0.002167 1 2
2457748.311373 0.000017 0.027935 0.002098 1 2
2457748.311391 0.000017 0.032672 0.002206 1 2
2457748.311408 0.000017 0.029025 0.002103 1 2
2457748.311426 0.000017 0.024892 0.002049 1 2
2457748.311443 0.000017 0.021680 0.002156 1 2
2457748.311461 0.000017 0.025483 0.002099 1 2
2457748.311479 0.000017 0.029131 0.002217 1 2
2457748.311496 0.000017 0.027899 0.002060 1 2
2457748.311514 0.000017 0.028427 0.002061 1 2
2457748.311531 0.000017 0.026623 0.002069 1 2
2457748.311549 0.000017 0.024338 0.001951 1 2
2457748.311566 0.000017 0.029944 0.002156 1 2
2457748.311584 0.000017 0.025482 0.002184 1 2
2457748.311601 0.000017 0.023894 0.002075 1 2
2457748.311619 0.000017 0.026085 0.002072 1 2
2457748.311636 0.000017 0.028139 0.002135 1 2
2457748.311654 0.000017 0.033075 0.002088 1 2
2457748.311671 0.000017 0.025643 0.002110 1 2
2457748.311689 0.000017 0.024855 0.002029 1 2
2457748.311706 0.000017 0.024488 0.002240 1 2
2457748.311724 0.000017 0.024648 0.002203 1 2
2457748.311741 0.000017 0.023722 0.002188 1 2
2457748.311759 0.000017 0.026182 0.002167 1 2
2457748.311776 0.000017 0.024224 0.002046 1 2
2457748.311794 0.000017 0.029552 0.002066 1 2
2457748.311811 0.000017 0.027102 0.002013 1 2
2457748.311829 0.000017 0.028348 0.002110 1 2
2457748.311846 0.000017 0.026862 0.002239 1 2
2457748.311864 0.000017 0.027618 0.002137 1 2
2457748.311881 0.000017 0.024729 0.002128 1 2
2457748.311899 0.000017 0.025321 0.002024 1 2
2457748.311916 0.000017 0.024468 0.002027 1 2
2457748.311934 0.000017 0.026913 0.002093 1 2
2457748.311951 0.000017 0.024705 0.002110 1 2
2457748.311969 0.000017 0.028569 0.002175 1 2
2457748.311986 0.000017 0.025037 0.002104 1 2
2457748.312004 0.000017 0.026519 0.002070 1 2
2457748.312021 0.000017 0.025548 0.001990 1 2
2457748.312039 0.000017 0.033725 0.002180 1 2
2457748.312056 0.000017 0.024954 0.002102 1 2
2457748.312074 0.000017 0.026783 0.002182 1 2
2457748.312092 0.000017 0.030757 0.002200 1 2
2457748.312109 0.000017 0.027639 0.002140 1 2
2457748.312127 0.000017 0.023366 0.002112 1 2
2457748.312144 0.000017 0.024741 0.001998 1 2
2457748.312162 0.000017 0.025060 0.002122 1 2
2457748.312179 0.000017 0.024050 0.002073 1 2
2457748.312197 0.000017 0.023997 0.002158 1 2
2457748.312214 0.000017 0.026405 0.002174 1 2
2457748.312232 0.000017 0.026257 0.002231 1 2
2457748.312249 0.000017 0.031180 0.002200 1 2
2457748.312267 0.000017 0.028438 0.002107 1 2
2457748.312284 0.000017 0.027200 0.002221 1 2
2457748.312302 0.000017 0.028006 0.002083 1 2
2457748.312319 0.000017 0.030340 0.002182 1 2
2457748.312337 0.000017 0.027154 0.002106 1 2
2457748.312354 0.000017 0.030215 0.002258 1 2
2457748.312372 0.000017 0.024718 0.002153 1 2
2457748.312389 0.000017 0.031860 0.002059 1 2
2457748.312407 0.000017 0.027314 0.002071 1 2
2457748.312424 0.000017 0.032442 0.002237 1 2
2457748.312442 0.000017 0.025137 0.002100 1 2
2457748.312459 0.000017 0.028908 0.002268 1 2
2457748.312477 0.000017 0.027273 0.002197 1 2
2457748.312494 0.000017 0.026820 0.002082 1 2
2457748.312512 0.000017 0.026137 0.002124 1 2
2457748.312529 0.000017 0.030211 0.002186 1 2
2457748.312547 0.000017 0.032300 0.002106 1 2
2457748.312564 0.000017 0.029313 0.002145 1 2
2457748.312582 0.000017 0.028311 0.002140 1 2
2457748.312599 0.000017 0.025088 0.002079 1 2
2457748.312617 0.000017 0.030883 0.002200 1 2
2457748.312634 0.000017 0.029326 0.002253 1 2
2457748.312652 0.000017 0.029718 0.002187 1 2
2457748.312669 0.000017 0.022312 0.002139 1 2
2457748.312687 0.000017 0.024769 0.002189 1 2
2457748.312705 0.000017 0.030310 0.002093 1 2
2457748.312722 0.000017 0.026609 0.002096 1 2
2457748.312740 0.000017 0.025098 0.001966 1 2
2457748.312757 0.000017 0.028654 0.002230 1 2
2457748.312775 0.000017 0.023455 0.002232 1 2
2457748.312792 0.000017 0.026037 0.002113 1 2
2457748.312810 0.000017 0.026311 0.002208 1 2
2457748.312827 0.000017 0.028888 0.002168 1 2
2457748.312845 0.000017 0.027354 0.002240 1 2
2457748.312862 0.000017 0.030381 0.002314 1 2
2457748.312880 0.000017 0.032635 0.002175 1 2
2457748.312897 0.000017 0.029130 0.002095 1 2
2457748.312915 0.000017 0.025359 0.002307 1 2
2457748.312932 0.000017 0.029791 0.002250 1 2
2457748.312950 0.000017 0.028700 0.002201 1 2
2457748.312967 0.000017 0.029596 0.002149 1 2
2457748.312985 0.000017 0.026593 0.002271 1 2
2457748.313002 0.000017 0.025997 0.002299 1 2
2457748.313020 0.000017 0.028574 0.002316 1 2
2457748.313037 0.000017 0.024430 0.002204 1 2
2457748.313055 0.000017 0.027442 0.002197 1 2
2457748.313072 0.000017 0.026046 0.002231 1 2
2457748.313090 0.000017 0.029089 0.002225 1 2
2457748.313107 0.000017 0.027449 0.002096 1 2
2457748.313125 0.000017 0.027188 0.002151 1 2
2457748.313142 0.000017 0.026680 0.002213 1 2
2457748.313160 0.000017 0.028620 0.002237 1 2
2457748.313177 0.000017 0.031610 0.002328 1 2
2457748.313195 0.000017 0.029317 0.002231 1 2
2457748.313212 0.000017 0.024245 0.002169 1 2
2457748.313230 0.000017 0.029080 0.002095 1 2
2457748.313247 0.000017 0.027971 0.002194 1 2
2457748.313265 0.000017 0.026996 0.002099 1 2
2457748.313283 0.000017 0.027947 0.002129 1 2
2457748.313300 0.000017 0.028374 0.002055 1 2
2457748.313318 0.000017 0.028611 0.002205 1 2
2457748.313335 0.000017 0.028184 0.002192 1 2
2457748.313353 0.000017 0.027057 0.002239 1 2
2457748.313370 0.000017 0.026800 0.002171 1 2
2457748.313388 0.000017 0.026590 0.002087 1 2
2457748.313405 0.000017 0.029468 0.002051 1 2
2457748.313423 0.000017 0.025102 0.002077 1 2
2457748.313440 0.000017 0.025442 0.002046 1 2
2457748.313458 0.000017 0.029475 0.002220 1 2
2457748.313475 0.000017 0.025832 0.002204 1 2
2457748.313493 0.000017 0.026470 0.002040 1 2
2457748.313510 0.000017 0.026432 0.002149 1 2
2457748.313528 0.000017 0.027962 0.002192 1 2
2457748.313545 0.000017 0.028758 0.002224 1 2
2457748.313563 0.000017 0.026798 0.002107 1 2
2457748.313580 0.000017 0.030079 0.002088 1 2
2457748.313598 0.000017 0.026995 0.002158 1 2
2457748.313615 0.000017 0.023712 0.001897 1 2
2457748.313633 0.000017 0.030418 0.002148 1 2
2457748.313650 0.000017 0.026843 0.002196 1 2
2457748.313668 0.000017 0.027823 0.002153 1 2
2457748.313685 0.000017 0.030215 0.002155 1 2
2457748.313703 0.000017 0.026073 0.002164 1 2
2457748.313720 0.000017 0.025704 0.002101 1 2
2457748.313738 0.000017 0.029381 0.002141 1 2
2457748.313755 0.000017 0.024843 0.002054 1 2
2457748.313773 0.000017 0.025528 0.002079 1 2
2457748.313790 0.000017 0.025199 0.002110 1 2
2457748.313808 0.000017 0.028339 0.002282 1 2
2457748.313825 0.000017 0.030799 0.002090 1 2
2457748.313843 0.000017 0.029405 0.002111 1 2
2457748.313860 0.000017 0.024192 0.002188 1 2
2457748.313878 0.000017 0.027067 0.002153 1 2
2457748.313896 0.000017 0.027466 0.002079 1 2
2457748.313913 0.000017 0.028472 0.002166 1 2
2457748.313931 0.000017 0.029515 0.002123 1 2
2457748.313948 0.000017 0.027823 0.002032 1 2
2457748.313966 0.000017 0.029991 0.002199 1 2
2457748.313983 0.000017 0.027473 0.002075 1 2
2457748.314001 0.000017 0.023545 0.002120 1 2
2457748.314018 0.000017 0.023973 0.002006 1 2
2457748.314036 0.000017 0.028207 0.002107 1 2
2457748.314053 0.000017 0.029484 0.002277 1 2
2457748.314071 0.000017 0.029982 0.002215 1 2
2457748.314088 0.000017 0.027669 0.002116 1 2
2457748.314106 0.000017 0.027107 0.002021 1 2
2457748.314123 0.000017 0.027298 0.002157 1 2
2457748.314141 0.000017 0.026364 0.002282 1 2
2457748.314158 0.000017 0.027809 0.002295 1 2
2457748.314176 0.000017 0.027389 0.002677 1 2
2457748.314193 0.000017 0.031338 0.002779 1 2
2457748.314211 0.000017 0.029456 0.002439 1 2
2457748.314228 0.000017 0.025964 0.002542 1 2
2457748.314246 0.000017 0.029225 0.002322 1 2
2457748.314263 0.000017 0.027533 0.002146 1 2
2457748.314281 0.000017 0.024343 0.002056 1 2
2457748.314298 0.000017 0.031995 0.002095 1 2
2457748.314316 0.000017 0.029103 0.002064 1 2
2457748.314333 0.000017 0.025620 0.002129 1 2
2457748.314351 0.000017 0.029488 0.002046 1 2
2457748.314368 0.000017 0.028660 0.002090 1 2
2457748.314386 0.000017 0.029902 0.002203 1 2
2457748.314403 0.000017 0.026545 0.002015 1 2
2457748.314421 0.000017 0.026837 0.002150 1 2
2457748.314438 0.000017 0.027577 0.002123 1 2
2457748.314456 0.000017 0.029790 0.002165 1 2
2457748.314473 0.000017 0.027338 0.002169 1 2
2457748.314491 0.000017 0.034367 0.002318 1 2
2457748.314509 0.000017 0.028998 0.002160 1 2
2457748.314526 0.000017 0.027273 0.002112 1 2
2457748.314544 0.000017 0.027717 0.002082 1 2
2457748.314561 0.000017 0.028771 0.002128 1 2
2457748.314579 0.000017 0.031423 0.002218 1 2
2457748.314596 0.000017 0.030086 0.002164 1 2
2457748.314614 0.000017 0.026985 0.002093 1 2
2457748.314631 0.000017 0.031560 0.002256 1 2
2457748.314649 0.000017 0.030192 0.002096 1 2
2457748.314666 0.000017 0.025656 0.002256 1 2
2457748.314684 0.000017 0.030750 0.002280 1 2
2457748.314701 0.000017 0.029989 0.002102 1 2
2457748.314719 0.000017 0.027040 0.002148 1 2
2457748.314736 0.000017 0.028231 0.002113 1 2
2457748.314754 0.000017 0.028652 0.002042 1 2
2457748.314771 0.000017 0.024964 0.002206 1 2
2457748.314789 0.000017 0.031150 0.002048 1 2
2457748.314806 0.000017 0.028390 0.001994 1 2
2457748.314824 0.000017 0.029946 0.002268 1 2
2457748.314841 0.000017 0.030541 0.002207 1 2
2457748.314859 0.000017 0.026184 0.002130 1 2
2457748.314876 0.000017 0.030558 0.002120 1 2
2457748.314894 0.000017 0.031480 0.002141 1 2
2457748.314911 0.000017 0.029576 0.002165 1 2
2457748.314929 0.000017 0.029957 0.002234 1 2
2457748.314946 0.000017 0.025590 0.002147 1 2
2457748.314964 0.000017 0.030104 0.002085 1 2
2457748.314981 0.000017 0.027502 0.002056 1 2
2457748.314999 0.000017 0.026197 0.002043 1 2
2457748.315016 0.000017 0.028573 0.002233 1 2
2457748.315034 0.000017 0.031561 0.002268 1 2
2457748.315051 0.000017 0.030081 0.001999 1 2
2457748.315069 0.000017 0.029708 0.002072 1 2
2457748.315087 0.000017 0.028016 0.002128 1 2
2457748.315104 0.000017 0.025157 0.002200 1 2
2457748.315122 0.000017 0.030472 0.002216 1 2
2457748.315139 0.000017 0.027243 0.002089 1 2
2457748.315157 0.000017 0.029184 0.002152 1 2
2457748.315174 0.000017 0.028040 0.002100 1 2
2457748.315192 0.000017 0.029682 0.002039 1 2
2457748.315209 0.000017 0.028637 0.001957 1 2
2457748.315227 0.000017 0.033593 0.002208 1 2
2457748.315244 0.000017 0.032472 0.002023 1 2
2457748.315262 0.000017 0.027312 0.002166 1 2
2457748.315279 0.000017 0.028241 0.002271 1 2
2457748.315297 0.000017 0.032255 0.002247 1 2
2457748.315314 0.000017 0.024148 0.002140 1 2
2457748.315332 0.000017 0.028857 0.002045 1 2
2457748.315349 0.000017 0.025575 0.002152 1 2
2457748.315367 0.000017 0.025241 0.002020 1 2
2457748.315384 0.000017 0.030666 0.002126 1 2
2457748.315402 0.000017 0.031646 0.002160 1 2
2457748.315419 0.000017 0.032279 0.002304 1 2
2457748.315437 0.000017 0.034001 0.002266 1 2
2457748.315454 0.000017 0.029640 0.002022 1 2
2457748.315472 0.000017 0.028720 0.002082 1 2
2457748.315489 0.000017 0.029997 0.002141 1 2
2457748.315507 0.000017 0.027583 0.002037 1 2
2457748.315524 0.000017 0.031078 0.002273 1 2
2457748.315542 0.000017 0.028984 0.002138 1 2
2457748.315559 0.000017 0.032515 0.002195 1 2
2457748.315577 0.000017 0.028703 0.002260 1 2
2457748.315594 0.000017 0.028334 0.002350 1 2
2457748.315612 0.000017 0.031818 0.002397 1 2
2457748.315629 0.000017 0.031383 0.002312 1 2
2457748.315647 0.000017 0.035295 0.002243 1 2
2457748.315664 0.000017 0.032135 0.002318 1 2
2457748.315682 0.000017 0.033816 0.002344 1 2
2457748.315700 0.000017 0.028526 0.002170 1 2
2457748.315717 0.000017 0.029384 0.002285 1 2
2457748.315735 0.000017 0.031344 0.002210 1 2
2457748.315752 0.000017 0.031205 0.002182 1 2
2457748.315770 0.000017 0.028316 0.002252 1 2
2457748.315787 0.000017 0.030088 0.002080 1 2
2457748.315805 0.000017 0.027085 0.002157 1 2
2457748.315822 0.000017 0.033746 0.002293 1 2
2457748.315840 0.000017 0.030643 0.002205 1 2
2457748.315857 0.000017 0.029382 0.002162 1 2
2457748.315875 0.000017 0.033182 0.002134 1 2
2457748.315892 0.000017 0.028930 0.002180 1 2
2457748.315910 0.000017 0.031756 0.002165 1 2
2457748.315927 0.000017 0.030957 0.002329 1 2
2457748.315945 0.000017 0.033045 0.002276 1 2
2457748.315962 0.000017 0.028131 0.002238 1 2
2457748.315980 0.000017 0.026151 0.002151 1 2
2457748.315997 0.000017 0.028247 0.002151 1 2
2457748.316015 0.000017 0.025059 0.002163 1 2
2457748.316032 0.000017 0.034738 0.002235 1 2
2457748.316050 0.000017 0.029273 0.002179 1 2
2457748.316067 0.000017 0.030277 0.002220 1 2
2457748.316085 0.000017 0.034573 0.002143 1 2
2457748.316102 0.000017 0.030761 0.002180 1 2
2457748.316120 0.000017 0.031463 0.002135 1 2
2457748.316137 0.000017 0.028423 0.002187 1 2
2457748.316155 0.000017 0.032137 0.002181 1 2
2457748.316172 0.000017 0.029028 0.002106 1 2
2457748.316190 0.000017 0.025902 0.002160 1 2
2457748.316207 0.000017 0.028962 0.002182 1 2
2457748.316225 0.000017 0.028197 0.002159 1 2
2457748.316242 0.000017 0.025507 0.002059 1 2
2457748.316260 0.000017 0.026715 0.002116 1 2
2457748.316277 0.000017 0.028598 0.002161 1 2
2457748.316295 0.000017 0.029074 0.002077 1 2
2457748.316313 0.000017 0.032595 0.002147 1 2
2457748.316330 0.000017 0.026295 0.002044 1 2
2457748.316348 0.000017 0.028648 0.002098 1 2
2457748.316365 0.000017 0.031822 0.002156 1 2
2457748.316383 0.000017 0.031374 0.002178 1 2
2457748.316400 0.000017 0.027583 0.002164 1 2
2457748.316418 0.000017 0.031437 0.002229 1 2
2457748.316435 0.000017 0.031108 0.002190 1 2
2457748.316453 0.000017 0.033992 0.002335 1 2
2457748.316470 0.000017 0.033283 0.002129 1 2
2457748.316488 0.000017 0.031987 0.002162 1 2
2457748.316505 0.000017 0.029724 0.002180 1 2
2457748.316523 0.000017 0.029865 0.002168 1 2
2457748.316540 0.000017 0.032077 0.002135 1 2
2457748.316558 0.000017 0.031864 0.002168 1 2
2457748.316575 0.000017 0.028779 0.002089 1 2
2457748.316593 0.000017 0.030062 0.002121 1 2
2457748.316610 0.000017 0.027577 0.002235 1 2
2457748.316628 0.000017 0.030691 0.002253 1 2
2457748.316645 0.000017 0.029485 0.002171 1 2
2457748.316663 0.000017 0.026294 0.001997 1 2
2457748.316680 0.000017 0.027153 0.002041 1 2
2457748.316698 0.000017 0.029481 0.002116 1 2
2457748.316715 0.000017 0.027937 0.002179 1 2
2457748.316733 0.000017 0.034418 0.002133 1 2
2457748.316750 0.000017 0.036370 0.002175 1 2
2457748.316768 0.000017 0.031422 0.002214 1 2
2457748.316785 0.000017 0.029326 0.002242 1 2
2457748.316803 0.000017 0.026400 0.002095 1 2
2457748.316820 0.000017 0.028470 0.002193 1 2
2457748.316838 0.000017 0.033049 0.002277 1 2
2457748.316855 0.000017 0.030029 0.002030 1 2
2457748.316873 0.000017 0.028888 0.002150 1 2
2457748.316891 0.000017 0.034187 0.002273 1 2
2457748.316908 0.000017 0.031377 0.002210 1 2
2457748.316926 0.000017 0.032329 0.002237 1 2
2457748.316943 0.000017 0.029410 0.002092 1 2
2457748.316961 0.000017 0.033613 0.002194 1 2
2457748.316978 0.000017 0.026087 0.002137 1 2
2457748.316996 0.000017 0.027946 0.002166 1 2
2457748.317013 0.000017 0.028564 0.002074 1 2
2457748.317031 0.000017 0.025294 0.002019 1 2
2457748.317048 0.000017 0.029784 0.002288 1 2
2457748.317066 0.000017 0.030194 0.002178 1 2
2457748.317083 0.000017 0.029136 0.002069 1 2
2457748.317101 0.000017 0.032669 0.002250 1 2
2457748.317118 0.000017 0.031006 0.002173 1 2
2457748.317136 0.000017 0.033628 0.002152 1 2
2457748.317153 0.000017 0.026060 0.002194 1 2
2457748.317171 0.000017 0.031652 0.002198 1 2
2457748.317188 0.000017 0.025655 0.002064 1 2
2457748.317206 0.000017 0.033775 0.002249 1 2
2457748.317223 0.000017 0.027446 0.002011 1 2
2457748.317241 0.000017 0.032421 0.002154 1 2
2457748.317258 0.000017 0.029006 0.002133 1 2
2457748.317276 0.000017 0.031311 0.002117 1 2
2457748.317293 0.000017 0.031516 0.002196 1 2
2457748.317311 0.000017 0.036688 0.002228 1 2
2457748.317328 0.000017 0.031527 0.002111 1 2
2457748.317346 0.000017 0.029837 0.002035 1 2
2457748.317363 0.000017 0.031378 0.002032 1 2
2457748.317381 0.000017 0.031688 0.002176 1 2
2457748.317398 0.000017 0.029107 0.002088 1 2
2457748.317416 0.000017 0.029815 0.002117 1 2
2457748.317433 0.000017 0.032765 0.002222 1 2
2457748.317451 0.000017 0.030517 0.002074 1 2
2457748.317468 0.000017 0.029765 0.002184 1 2
2457748.317486 0.000017 0.030299 0.002141 1 2
2457748.317504 0.000017 0.033911 0.002233 1 2
2457748.317521 0.000017 0.030939 0.002260 1 2
2457748.317539 0.000017 0.031380 0.002330 1 2
2457748.317556 0.000017 0.032602 0.002396 1 2
2457748.317574 0.000017 0.031330 0.002142 1 2
2457748.317591 0.000017 0.034526 0.002193 1 2
2457748.317609 0.000017 0.032112 0.002093 1 2
2457748.317626 0.000017 0.031790 0.002203 1 2
2457748.317644 0.000017 0.028991 0.002049 1 2
2457748.317661 0.000017 0.028098 0.002212 1 2
2457748.317679 0.000017 0.029712 0.002201 1 2
2457748.317696 0.000017 0.028107 0.002227 1 2
2457748.317714 0.000017 0.031215 0.002106 1 2
2457748.317731 0.000017 0.032920 0.002227 1 2
2457748.317749 0.000017 0.032131 0.002171 1 2
2457748.317766 0.000017 0.034712 0.002226 1 2
2457748.317784 0.000017 0.034283 0.002163 1 2
2457748.317801 0.000017 0.032814 0.002166 1 2
2457748.317819 0.000017 0.028105 0.002174 1 2
2457748.317836 0.000017 0.028674 0.002212 1 2
2457748.317854 0.000017 0.028953 0.002163 1 2
2457748.317871 0.000017 0.027528 0.002029 1 2
2457748.317889 0.000017 0.032927 0.002151 1 2
2457748.317906 0.000017 0.035628 0.002257 1 2
2457748.317924 0.000017 0.029740 0.002223 1 2
2457748.317941 0.000017 0.032745 0.002190 1 2
2457748.317959 0.000017 0.033383 0.002192 1 2
2457748.317976 0.000017 0.030864 0.002221 1 2
2457748.317994 0.000017 0.034761 0.002189 1 2
2457748.318011 0.000017 0.029230 0.002269 1 2
2457748.318029 0.000017 0.032014 0.002173 1 2
2457748.318046 0.000017 0.032294 0.002264 1 2
2457748.318064 0.000017 0.029475 0.002181 1 2
2457748.318081 0.000017 0.034414 0.002233 1 2
2457748.318099 0.000017 0.029089 0.002057 1 2
2457748.318117 0.000017 0.030130 0.002138 1 2
2457748.318134 0.000017 0.031905 0.002306 1 2
2457748.318152 0.000017 0.034736 0.002184 1 2
2457748.318169 0.000017 0.030621 0.002139 1 2
