2457802.387066 0.000039 0.033814 0.002154 1 2
2457802.387105 0.000039 0.031283 0.002471 1 2
2457802.387144 0.000039 0.030025 0.002256 1 2
2457802.387183 0.000039 0.030741 0.002335 1 2
2457802.387222 0.000039 0.029807 0.002258 1 2
2457802.387261 0.000039 0.027035 0.002315 1 2
2457802.387300 0.000039 0.031842 0.002286 1 2
2457802.387339 0.000039 0.024857 0.002352 1 2
2457802.387378 0.000039 0.033040 0.002322 1 2
2457802.387417 0.000039 0.038317 0.002471 1 2
2457802.387455 0.000039 0.029718 0.002307 1 2
2457802.387494 0.000039 0.031637 0.002315 1 2
2457802.387533 0.000039 0.029638 0.002220 1 2
2457802.387572 0.000039 0.034559 0.002386 1 2
2457802.387611 0.000039 0.029437 0.002407 1 2
2457802.387650 0.000039 0.034345 0.002283 1 2
2457802.387689 0.000039 0.032370 0.002378 1 2
2457802.387728 0.000039 0.034502 0.002188 1 2
2457802.387767 0.000039 0.033137 0.002309 1 2
2457802.387806 0.000039 0.033869 0.002279 1 2
2457802.387845 0.000039 0.034399 0.002181 1 2
2457802.387884 0.000039 0.030540 0.002218 1 2
2457802.387923 0.000039 0.031607 0.002185 1 2
2457802.387962 0.000039 0.033273 0.002322 1 2
2457802.388001 0.000039 0.032964 0.002395 1 2
2457802.388040 0.000039 0.032531 0.002226 1 2
2457802.388079 0.000039 0.033957 0.002084 1 2
2457802.388118 0.000039 0.035381 0.002158 1 2
2457802.388157 0.000039 0.032491 0.002295 1 2
2457802.388196 0.000039 0.035409 0.002394 1 2
2457802.388235 0.000039 0.032480 0.002319 1 2
2457802.388274 0.000039 0.028085 0.002102 1 2
2457802.388313 0.000039 0.030376 0.002237 1 2
2457802.388352 0.000039 0.032710 0.002295 1 2
2457802.388391 0.000039 0.033862 0.002363 1 2
2457802.388430 0.000039 0.030758 0.002565 1 2
2457802.388469 0.000039 0.029754 0.002268 1 2
2457802.388508 0.000039 0.031318 0.002365 1 2
2457802.388547 0.000039 0.032548 0.002244 1 2
2457802.388586 0.000039 0.030977 0.002395 1 2
2457802.388625 0.000039 0.030866 0.002224 1 2
2457802.388664 0.000039 0.029302 0.002303 1 2
2457802.388703 0.000039 0.033242 0.002142 1 2
2457802.388742 0.000039 0.032209 0.002166 1 2
2457802.388781 0.000039 0.033267 0.002511 1 2
2457802.388820 0.000039 0.034013 0.002383 1 2
2457802.388859 0.000039 0.032156 0.002315 1 2
2457802.388897 0.000039 0.027822 0.002266 1 2
2457802.388936 0.000039 0.032237 0.002249 1 2
2457802.388975 0.000039 0.029752 0.002510 1 2
2457802.389014 0.000039 0.029901 0.002371 1 2
2457802.389053 0.000039 0.034155 0.002223 1 2
2457802.389092 0.000039 0.033582 0.002276 1 2
2457802.389131 0.000039 0.030605 0.002323 1 2
2457802.389170 0.000039 0.031866 0.002297 1 2
2457802.389209 0.000039 0.032801 0.002292 1 2
2457802.389248 0.000039 0.029942 0.002057 1 2
2457802.389287 0.000039 0.031530 0.002181 1 2
2457802.389326 0.000039 0.031104 0.002267 1 2
2457802.389365 0.000039 0.034490 0.002395 1 2
2457802.389404 0.000039 0.030168 0.002205 1 2
2457802.389443 0.000039 0.033036 0.002328 1 2
2457802.389482 0.000039 0.032247 0.002277 1 2
2457802.389521 0.000039 0.032251 0.002232 1 2
2457802.389560 0.000039 0.033501 0.002288 1 2
2457802.389599 0.000039 0.032472 0.002342 1 2
2457802.389638 0.000039 0.032287 0.002358 1 2
2457802.389677 0.000039 0.033288 0.002348 1 2
2457802.389716 0.000039 0.034777 0.002266 1 2
2457802.389755 0.000039 0.025119 0.002190 1 2
2457802.389794 0.000039 0.033215 0.002229 1 2
2457802.389833 0.000039 0.036106 0.002225 1 2
2457802.389872 0.000039 0.026770 0.002278 1 2
2457802.389911 0.000039 0.035499 0.002273 1 2
2457802.389950 0.000039 0.036308 0.002341 1 2
2457802.389989 0.000039 0.029913 0.002154 1 2
2457802.390028 0.000039 0.030934 0.002219 1 2
2457802.390067 0.000039 0.032404 0.002222 1 2
2457802.390106 0.000039 0.033396 0.002362 1 2
2457802.390145 0.000039 0.038438 0.002438 1 2
2457802.390184 0.000039 0.035842 0.002377 1 2
2457802.390223 0.000039 0.033702 0.002095 1 2
2457802.390262 0.000039 0.029070 0.001982 1 2
2457802.390301 0.000039 0.032843 0.002056 1 2
2457802.390339 0.000039 0.034385 0.002000 1 2
2457802.390378 0.000039 0.034155 0.002066 1 2
2457802.390417 0.000039 0.031686 0.002031 1 2
2457802.390456 0.000039 0.030510 0.002126 1 2
2457802.390495 0.000039 0.029988 0.002198 1 2
2457802.390534 0.000039 0.035595 0.002127 1 2
2457802.390573 0.000039 0.031040 0.001978 1 2
2457802.390612 0.000039 0.031165 0.001968 1 2
2457802.390651 0.000039 0.027262 0.001984 1 2
2457802.390690 0.000039 0.035528 0.002093 1 2
2457802.390729 0.000039 0.032614 0.002082 1 2
2457802.390768 0.000039 0.026213 0.001974 1 2
2457802.390807 0.000039 0.029230 0.001991 1 2
2457802.390846 0.000039 0.031279 0.001904 1 2
2457802.390885 0.000039 0.034083 0.002103 1 2
2457802.390924 0.000039 0.027724 0.002095 1 2
2457802.390963 0.000039 0.029132 0.002183 1 2
2457802.391002 0.000039 0.032453 0.001937 1 2
2457802.391041 0.000039 0.031582 0.001963 1 2
2457802.391080 0.000039 0.030730 0.001908 1 2
2457802.391119 0.000039 0.031047 0.001843 1 2
2457802.391158 0.000039 0.032331 0.001893 1 2
2457802.391197 0.000039 0.028059 0.001808 1 2
2457802.391236 0.000039 0.028098 0.001951 1 2
2457802.391275 0.000039 0.030042 0.001940 1 2
2457802.391314 0.000039 0.030305 0.002046 1 2
2457802.391353 0.000039 0.029596 0.001950 1 2
2457802.391392 0.000039 0.031365 0.001899 1 2
2457802.391431 0.000039 0.028984 0.001845 1 2
2457802.391470 0.000039 0.031540 0.001919 1 2
2457802.391509 0.000039 0.028011 0.002175 1 2
2457802.391548 0.000039 0.032093 0.002175 1 2
2457802.391587 0.000039 0.029239 0.001960 1 2
2457802.391626 0.000039 0.033848 0.002069 1 2
2457802.391665 0.000039 0.028069 0.001857 1 2
2457802.391704 0.000039 0.032484 0.001895 1 2
2457802.391743 0.000039 0.030944 0.001834 1 2
2457802.391781 0.000039 0.027376 0.001824 1 2
2457802.391820 0.000039 0.029196 0.001971 1 2
2457802.391859 0.000039 0.033237 0.002027 1 2
2457802.391898 0.000039 0.023407 0.001999 1 2
2457802.391937 0.000039 0.029875 0.001904 1 2
2457802.391976 0.000039 0.030743 0.001988 1 2
2457802.392015 0.000039 0.028852 0.001796 1 2
2457802.392054 0.000039 0.034869 0.001892 1 2
2457802.392093 0.000039 0.033618 0.002007 1 2
2457802.392132 0.000039 0.029733 0.001877 1 2
2457802.392171 0.000039 0.031601 0.001979 1 2
2457802.392210 0.000039 0.028552 0.001861 1 2
2457802.392249 0.000039 0.027392 0.001934 1 2
2457802.392288 0.000039 0.026795 0.001817 1 2
2457802.392327 0.000039 0.033670 0.001901 1 2
2457802.392366 0.000039 0.032611 0.002022 1 2
2457802.392405 0.000039 0.035797 0.002026 1 2
2457802.392444 0.000039 0.030852 0.001814 1 2
2457802.392483 0.000039 0.027292 0.002195 1 2
2457802.392522 0.000039 0.025104 0.001975 1 2
2457802.392561 0.000039 0.031996 0.001981 1 2
2457802.392600 0.000039 0.032512 0.001974 1 2
2457802.392639 0.000039 0.030224 0.001797 1 2
2457802.392678 0.000039 0.028600 0.001862 1 2
2457802.392717 0.000039 0.028943 0.001843 1 2
2457802.392756 0.000039 0.034079 0.002033 1 2
2457802.392795 0.000039 0.033044 0.001849 1 2
2457802.392834 0.000039 0.029691 0.001815 1 2
2457802.392873 0.000039 0.027768 0.001918 1 2
2457802.392912 0.000039 0.023567 0.001904 1 2
2457802.392951 0.000039 0.033528 0.002054 1 2
2457802.392990 0.000039 0.028922 0.002059 1 2
2457802.393029 0.000039 0.034128 0.002038 1 2
2457802.393068 0.000039 0.028881 0.001998 1 2
2457802.393107 0.000039 0.030431 0.002031 1 2
2457802.393146 0.000039 0.027680 0.001818 1 2
2457802.393185 0.000039 0.032366 0.001820 1 2
2457802.393223 0.000039 0.026626 0.001864 1 2
2457802.393262 0.000039 0.032074 0.001940 1 2
2457802.393301 0.000039 0.030816 0.001885 1 2
2457802.393340 0.000039 0.032138 0.001901 1 2
2457802.393379 0.000039 0.028828 0.001837 1 2
2457802.393418 0.000039 0.027191 0.001811 1 2
2457802.393457 0.000039 0.030978 0.001995 1 2
2457802.393496 0.000039 0.027946 0.001800 1 2
2457802.393535 0.000039 0.029383 0.001899 1 2
2457802.393574 0.000039 0.026772 0.001985 1 2
2457802.393613 0.000039 0.032207 0.001936 1 2
2457802.393652 0.000039 0.032256 0.001884 1 2
2457802.393691 0.000039 0.027450 0.001806 1 2
2457802.393730 0.000039 0.034110 0.002058 1 2
2457802.393769 0.000039 0.030157 0.001971 1 2
2457802.393808 0.000039 0.035413 0.001955 1 2
2457802.393847 0.000039 0.030308 0.001941 1 2
2457802.393886 0.000039 0.028616 0.001861 1 2
2457802.393925 0.000039 0.031678 0.001925 1 2
2457802.393964 0.000039 0.023542 0.001758 1 2
2457802.394003 0.000039 0.030419 0.001839 1 2
2457802.394042 0.000039 0.032338 0.001899 1 2
2457802.394081 0.000039 0.029644 0.001828 1 2
2457802.394120 0.000039 0.031536 0.001994 1 2
2457802.394159 0.000039 0.032179 0.001957 1 2
2457802.394198 0.000039 0.032664 0.002052 1 2
2457802.394237 0.000039 0.029449 0.001932 1 2
2457802.394276 0.000039 0.029562 0.001919 1 2
2457802.394315 0.000039 0.030389 0.001907 1 2
2457802.394354 0.000039 0.026368 0.001890 1 2
2457802.394393 0.000039 0.030074 0.001839 1 2
2457802.394432 0.000039 0.032320 0.001900 1 2
2457802.394471 0.000039 0.030554 0.001917 1 2
2457802.394510 0.000039 0.034860 0.002084 1 2
2457802.394549 0.000039 0.030898 0.001969 1 2
2457802.394588 0.000039 0.028059 0.002044 1 2
2457802.394627 0.000039 0.030105 0.001944 1 2
2457802.394665 0.000039 0.027794 0.001896 1 2
2457802.394704 0.000039 0.030974 0.001952 1 2
2457802.394743 0.000039 0.029387 0.001965 1 2
2457802.394782 0.000039 0.026336 0.001998 1 2
2457802.394821 0.000039 0.028764 0.001873 1 2
2457802.394860 0.000039 0.031253 0.001864 1 2
2457802.394899 0.000039 0.029574 0.001956 1 2
2457802.394938 0.000039 0.028760 0.001929 1 2
2457802.394977 0.000039 0.026579 0.001956 1 2
2457802.395016 0.000039 0.032865 0.002123 1 2
2457802.395055 0.000039 0.025082 0.002074 1 2
2457802.395094 0.000039 0.027964 0.001950 1 2
2457802.395133 0.000039 0.025657 0.001954 1 2
2457802.395172 0.000039 0.029485 0.001995 1 2
2457802.395211 0.000039 0.026686 0.002053 1 2
2457802.395250 0.000039 0.031302 0.002142 1 2
2457802.395289 0.000039 0.023815 0.002056 1 2
2457802.395328 0.000039 0.028796 0.001975 1 2
2457802.395367 0.000039 0.026437 0.001864 1 2
2457802.395406 0.000039 0.030415 0.002033 1 2
2457802.395445 0.000039 0.026473 0.001971 1 2
2457802.395484 0.000039 0.026112 0.002086 1 2
2457802.395523 0.000039 0.029003 0.002101 1 2
2457802.395562 0.000039 0.029761 0.002045 1 2
2457802.395601 0.000039 0.024550 0.001996 1 2
2457802.395640 0.000039 0.026714 0.001889 1 2
2457802.395679 0.000039 0.029275 0.001907 1 2
2457802.395718 0.000039 0.031776 0.001953 1 2
2457802.395757 0.000039 0.027045 0.002040 1 2
2457802.395796 0.000039 0.025382 0.001991 1 2
2457802.395835 0.000039 0.026945 0.001984 1 2
2457802.395874 0.000039 0.025481 0.002022 1 2
2457802.395913 0.000039 0.025163 0.002067 1 2
2457802.395952 0.000039 0.027414 0.001939 1 2
2457802.395991 0.000039 0.024954 0.001890 1 2
2457802.396030 0.000039 0.027464 0.001981 1 2
2457802.396069 0.000039 0.031039 0.002002 1 2
2457802.396107 0.000039 0.026787 0.002014 1 2
2457802.396146 0.000039 0.031043 0.001965 1 2
2457802.396185 0.000039 0.026086 0.002008 1 2
2457802.396224 0.000039 0.032297 0.002026 1 2
2457802.396263 0.000039 0.024035 0.001835 1 2
2457802.396302 0.000039 0.026670 0.001827 1 2
2457802.396341 0.000039 0.025875 0.001910 1 2
2457802.396380 0.000039 0.028442 0.002193 1 2
2457802.396419 0.000039 0.025390 0.002165 1 2
2457802.396458 0.000039 0.027351 0.002177 1 2
2457802.396497 0.000039 0.027406 0.002026 1 2
2457802.396536 0.000039 0.029355 0.001946 1 2
2457802.396575 0.000039 0.030999 0.002087 1 2
2457802.396614 0.000039 0.026330 0.002033 1 2
2457802.396653 0.000039 0.029871 0.001926 1 2
2457802.396692 0.000039 0.026797 0.001934 1 2
2457802.396731 0.000039 0.030018 0.001940 1 2
2457802.396770 0.000039 0.026679 0.001868 1 2
2457802.396809 0.000039 0.025619 0.001877 1 2
2457802.396848 0.000039 0.029411 0.002048 1 2
2457802.396887 0.000039 0.031350 0.002155 1 2
2457802.396926 0.000039 0.027897 0.002059 1 2
2457802.396965 0.000039 0.028277 0.002161 1 2
2457802.397004 0.000039 0.028520 0.002174 1 2
2457802.397043 0.000039 0.028210 0.002065 1 2
2457802.397082 0.000039 0.029736 0.002180 1 2
2457802.397121 0.000039 0.031487 0.002181 1 2
2457802.397160 0.000039 0.027983 0.002214 1 2
2457802.397199 0.000039 0.030460 0.002054 1 2
2457802.397238 0.000039 0.032385 0.002361 1 2
2457802.397277 0.000039 0.029324 0.002124 1 2
2457802.397316 0.000039 0.034609 0.002380 1 2
2457802.397355 0.000039 0.033510 0.002218 1 2
2457802.397394 0.000039 0.027024 0.002097 1 2
2457802.397433 0.000039 0.033206 0.002004 1 2
2457802.397472 0.000039 0.032562 0.001963 1 2
2457802.397511 0.000039 0.030983 0.002020 1 2
2457802.397549 0.000039 0.027678 0.002008 1 2
2457802.397588 0.000039 0.030587 0.001975 1 2
2457802.397627 0.000039 0.030553 0.002094 1 2
2457802.397666 0.000039 0.032638 0.002065 1 2
2457802.397705 0.000039 0.030218 0.002052 1 2
2457802.397744 0.000039 0.030799 0.002119 1 2
2457802.397783 0.000039 0.028951 0.001896 1 2
2457802.397822 0.000039 0.030000 0.002018 1 2
2457802.397861 0.000039 0.028879 0.002110 1 2
2457802.397900 0.000039 0.031436 0.002145 1 2
2457802.397939 0.000039 0.028335 0.002010 1 2
2457802.397978 0.000039 0.033832 0.002057 1 2
2457802.398017 0.000039 0.029506 0.001955 1 2
2457802.398056 0.000039 0.032083 0.002104 1 2
2457802.398095 0.000039 0.029584 0.002059 1 2
2457802.398134 0.000039 0.035714 0.002178 1 2
2457802.398173 0.000039 0.029209 0.001953 1 2
2457802.398212 0.000039 0.031443 0.001997 1 2
2457802.398251 0.000039 0.033888 0.002134 1 2
2457802.398290 0.000039 0.033627 0.002045 1 2
2457802.398329 0.000039 0.033881 0.002092 1 2
2457802.398368 0.000039 0.030452 0.002081 1 2
2457802.398407 0.000039 0.033656 0.002034 1 2
2457802.398446 0.000039 0.029606 0.002000 1 2
2457802.398485 0.000039 0.033936 0.002112 1 2
2457802.398524 0.000039 0.033935 0.002014 1 2
2457802.398563 0.000039 0.031762 0.001991 1 2
2457802.398602 0.000039 0.035552 0.002121 1 2
2457802.398641 0.000039 0.036580 0.002148 1 2
2457802.398680 0.000039 0.030845 0.002100 1 2
2457802.398719 0.000039 0.032293 0.002086 1 2
2457802.398758 0.000039 0.029642 0.002009 1 2
2457802.398797 0.000039 0.035015 0.001929 1 2
2457802.398836 0.000039 0.032073 0.002027 1 2
2457802.398875 0.000039 0.032715 0.002152 1 2
2457802.398914 0.000039 0.030792 0.002040 1 2
2457802.398953 0.000039 0.030056 0.002143 1 2
2457802.398991 0.000039 0.031097 0.002048 1 2
2457802.399030 0.000039 0.034277 0.002183 1 2
2457802.399069 0.000039 0.027150 0.002174 1 2
2457802.399108 0.000039 0.034466 0.002404 1 2
2457802.399147 0.000039 0.033731 0.002184 1 2
2457802.399186 0.000039 0.033190 0.002012 1 2
2457802.399225 0.000039 0.036261 0.002017 1 2
2457802.399264 0.000039 0.031874 0.002034 1 2
2457802.399303 0.000039 0.035780 0.002235 1 2
2457802.399342 0.000039 0.029047 0.002037 1 2
2457802.399381 0.000039 0.035675 0.002011 1 2
2457802.399420 0.000039 0.029994 0.002036 1 2
2457802.399459 0.000039 0.032750 0.002292 1 2
2457802.399498 0.000039 0.035352 0.002304 1 2
2457802.399537 0.000039 0.033367 0.002053 1 2
2457802.399576 0.000039 0.034991 0.002056 1 2
2457802.399615 0.000039 0.034447 0.002110 1 2
2457802.399654 0.000039 0.036195 0.002017 1 2
2457802.399693 0.000039 0.032871 0.002044 1 2
2457802.399732 0.000039 0.033513 0.002067 1 2
2457802.399771 0.000039 0.031856 0.001880 1 2
2457802.399810 0.000039 0.031859 0.002117 1 2
2457802.399849 0.000039 0.028970 0.002109 1 2
2457802.399888 0.000039 0.030028 0.002038 1 2
2457802.399927 0.000039 0.034690 0.002096 1 2
2457802.399966 0.000039 0.037400 0.002081 1 2
2457802.400005 0.000039 0.034439 0.002205 1 2
2457802.400044 0.000039 0.033432 0.002084 1 2
2457802.400083 0.000039 0.034036 0.002102 1 2
2457802.400122 0.000039 0.031958 0.002177 1 2
2457802.400161 0.000039 0.029425 0.001997 1 2
2457802.400200 0.000039 0.036507 0.002121 1 2
2457802.400239 0.000039 0.030477 0.002020 1 2
2457802.400278 0.000039 0.033420 0.002099 1 2
2457802.400317 0.000039 0.028730 0.002066 1 2
2457802.400356 0.000039 0.038977 0.002125 1 2
2457802.400395 0.000039 0.032170 0.001963 1 2
2457802.400433 0.000039 0.034037 0.002138 1 2
2457802.400472 0.000039 0.033018 0.002078 1 2
2457802.400511 0.000039 0.032750 0.002140 1 2
2457802.400550 0.000039 0.032093 0.001984 1 2
2457802.400589 0.000039 0.035554 0.002059 1 2
2457802.400628 0.000039 0.028879 0.002050 1 2
2457802.400667 0.000039 0.035007 0.002211 1 2
2457802.400706 0.000039 0.032892 0.002171 1 2
2457802.400745 0.000039 0.026932 0.002040 1 2
2457802.400784 0.000039 0.036855 0.002189 1 2
2457802.400823 0.000039 0.036011 0.002240 1 2
2457802.400862 0.000039 0.040934 0.002382 1 2
2457802.400901 0.000039 0.035926 0.002249 1 2
2457802.400940 0.000039 0.037485 0.002174 1 2
2457802.400979 0.000039 0.037102 0.002184 1 2
2457802.401018 0.000039 0.033757 0.001997 1 2
2457802.401057 0.000039 0.030592 0.002179 1 2
2457802.401096 0.000039 0.038181 0.002338 1 2
2457802.401135 0.000039 0.033094 0.002027 1 2
2457802.401174 0.000039 0.038827 0.002127 1 2
2457802.401213 0.000039 0.033259 0.002133 1 2
2457802.401252 0.000039 0.034238 0.002070 1 2
2457802.401291 0.000039 0.039544 0.002222 1 2
2457802.401330 0.000039 0.032986 0.002238 1 2
2457802.401369 0.000039 0.035493 0.002244 1 2
2457802.401408 0.000039 0.038573 0.002455 1 2
2457802.401447 0.000039 0.035714 0.002458 1 2
2457802.401486 0.000039 0.033900 0.002375 1 2
2457802.401525 0.000039 0.036681 0.002317 1 2
2457802.401564 0.000039 0.037006 0.002185 1 2
2457802.401603 0.000039 0.035818 0.002339 1 2
2457802.401642 0.000039 0.036470 0.002558 1 2
2457802.401681 0.000039 0.028739 0.002147 1 2
2457802.401720 0.000039 0.026919 0.002117 1 2
2457802.401759 0.000039 0.030800 0.002170 1 2
2457802.401798 0.000039 0.032578 0.002255 1 2
2457802.401837 0.000039 0.035268 0.002368 1 2
2457802.401875 0.000039 0.032715 0.002223 1 2
2457802.401914 0.000039 0.026915 0.002331 1 2
2457802.401953 0.000039 0.032479 0.002289 1 2
2457802.401992 0.000039 0.030334 0.002181 1 2
2457802.402031 0.000039 0.032046 0.002257 1 2
2457802.402070 0.000039 0.024809 0.002039 1 2
2457802.402109 0.000039 0.035154 0.002093 1 2
2457802.402148 0.000039 0.027924 0.002207 1 2
2457802.402187 0.000039 0.030957 0.002238 1 2
2457802.402226 0.000039 0.029706 0.002167 1 2
2457802.402265 0.000039 0.029713 0.002194 1 2
2457802.402304 0.000039 0.031501 0.002130 1 2
2457802.402343 0.000039 0.028686 0.002134 1 2
2457802.402382 0.000039 0.034157 0.002239 1 2
2457802.402421 0.000039 0.026655 0.001929 1 2
2457802.402460 0.000039 0.026264 0.001948 1 2
2457802.402499 0.000039 0.030048 0.002063 1 2
2457802.402538 0.000039 0.030948 0.002017 1 2
2457802.402577 0.000039 0.031152 0.002101 1 2
2457802.402616 0.000039 0.033133 0.002039 1 2
2457802.402655 0.000039 0.029365 0.002112 1 2
2457802.402694 0.000039 0.030170 0.002089 1 2
2457802.402733 0.000039 0.029348 0.002009 1 2
2457802.402772 0.000039 0.027347 0.002076 1 2
2457802.402811 0.000039 0.026047 0.002096 1 2
2457802.402850 0.000039 0.026022 0.001962 1 2
2457802.402889 0.000039 0.030537 0.002057 1 2
2457802.402928 0.000039 0.030168 0.002281 1 2
2457802.402967 0.000039 0.030980 0.002235 1 2
2457802.403006 0.000039 0.031585 0.002235 1 2
2457802.403045 0.000039 0.031692 0.002330 1 2
2457802.403084 0.000039 0.031043 0.002216 1 2
2457802.403123 0.000039 0.030478 0.002328 1 2
2457802.403162 0.000039 0.029412 0.002420 1 2
2457802.403201 0.000039 0.032295 0.002319 1 2
2457802.403240 0.000039 0.030011 0.002302 1 2
2457802.403279 0.000039 0.029839 0.002189 1 2
2457802.403317 0.000039 0.027535 0.001972 1 2
2457802.403356 0.000039 0.028440 0.002111 1 2
2457802.403395 0.000039 0.028916 0.002044 1 2
2457802.403434 0.000039 0.033025 0.002039 1 2
2457802.403473 0.000039 0.034805 0.002195 1 2
2457802.403512 0.000039 0.028535 0.002155 1 2
2457802.403551 0.000039 0.027355 0.002201 1 2
2457802.403590 0.000039 0.027363 0.002195 1 2
2457802.403629 0.000039 0.027864 0.002174 1 2
2457802.403668 0.000039 0.029970 0.002251 1 2
2457802.403707 0.000039 0.028182 0.002264 1 2
2457802.403746 0.000039 0.024112 0.002386 1 2
2457802.403785 0.000039 0.028695 0.002360 1 2
2457802.403824 0.000039 0.028182 0.002282 1 2
2457802.403863 0.000039 0.026611 0.002194 1 2
2457802.403902 0.000039 0.024875 0.002302 1 2
2457802.403941 0.000039 0.023244 0.002089 1 2
2457802.403980 0.000039 0.027081 0.002079 1 2
2457802.404019 0.000039 0.027506 0.002030 1 2
2457802.404058 0.000039 0.029149 0.002115 1 2
2457802.404097 0.000039 0.026962 0.002146 1 2
2457802.404136 0.000039 0.025119 0.002228 1 2
2457802.404175 0.000039 0.026583 0.002153 1 2
2457802.404214 0.000039 0.026956 0.002116 1 2
2457802.404253 0.000039 0.026704 0.002075 1 2
2457802.404292 0.000039 0.024315 0.002114 1 2
2457802.404331 0.000039 0.023249 0.002128 1 2
2457802.404370 0.000039 0.027683 0.002251 1 2
2457802.404409 0.000039 0.028649 0.002299 1 2
2457802.404448 0.000039 0.028006 0.002268 1 2
2457802.404487 0.000039 0.026421 0.002425 1 2
2457802.404526 0.000039 0.024290 0.002239 1 2
2457802.404565 0.000039 0.027308 0.002170 1 2
2457802.404604 0.000039 0.026643 0.002137 1 2
2457802.404643 0.000039 0.025789 0.002187 1 2
2457802.404682 0.000039 0.030604 0.002256 1 2
2457802.404721 0.000039 0.025208 0.002242 1 2
2457802.404759 0.000039 0.028749 0.002410 1 2
2457802.404798 0.000039 0.028784 0.002492 1 2
2457802.404837 0.000039 0.022910 0.002369 1 2
2457802.404876 0.000039 0.029311 0.002797 1 2
2457802.404915 0.000039 0.028882 0.002626 1 2
2457802.404954 0.000039 0.026860 0.002405 1 2
2457802.404993 0.000039 0.026146 0.002241 1 2
2457802.405032 0.000039 0.026895 0.002337 1 2
2457802.405071 0.000039 0.024080 0.002214 1 2
2457802.405110 0.000039 0.028143 0.002120 1 2
2457802.405149 0.000039 0.029104 0.002186 1 2
2457802.405188 0.000039 0.031327 0.002180 1 2
2457802.405227 0.000039 0.024118 0.002354 1 2
2457802.405266 0.000039 0.024321 0.002447 1 2
2457802.405305 0.000039 0.026973 0.002297 1 2
2457802.405344 0.000039 0.028549 0.002297 1 2
2457802.405383 0.000039 0.029907 0.002357 1 2
2457802.405422 0.000039 0.029525 0.002195 1 2
2457802.405461 0.000039 0.023706 0.002224 1 2
2457802.405500 0.000039 0.025155 0.002265 1 2
2457802.405539 0.000039 0.029254 0.002399 1 2
2457802.405578 0.000039 0.022443 0.002245 1 2
2457802.405617 0.000039 0.025780 0.002262 1 2
2457802.405656 0.000039 0.025490 0.002316 1 2
2457802.405695 0.000039 0.028940 0.002478 1 2
2457802.405734 0.000039 0.026436 0.002425 1 2
2457802.405773 0.000039 0.029734 0.002260 1 2
2457802.405812 0.000039 0.025888 0.002412 1 2
2457802.405851 0.000039 0.021603 0.002384 1 2
2457802.405890 0.000039 0.026250 0.002450 1 2
2457802.405929 0.000039 0.023297 0.002399 1 2
2457802.405968 0.000039 0.027605 0.002854 1 2
2457802.406007 0.000039 0.029157 0.002427 1 2
2457802.406046 0.000039 0.024646 0.002374 1 2
2457802.406085 0.000039 0.026608 0.002692 1 2
2457802.406124 0.000039 0.028314 0.002593 1 2
2457802.406163 0.000039 0.025120 0.002451 1 2
2457802.406201 0.000039 0.025363 0.002377 1 2
2457802.406240 0.000039 0.027131 0.002431 1 2
2457802.406279 0.000039 0.030422 0.002547 1 2
2457802.406318 0.000039 0.029101 0.002431 1 2
2457802.406357 0.000039 0.026565 0.002434 1 2
2457802.406396 0.000039 0.031697 0.002253 1 2
2457802.406435 0.000039 0.025854 0.002263 1 2
2457802.406474 0.000039 0.027537 0.002308 1 2
2457802.406513 0.000039 0.028286 0.002249 1 2
2457802.406552 0.000039 0.027433 0.002270 1 2
2457802.406591 0.000039 0.026526 0.002353 1 2
2457802.406630 0.000039 0.024062 0.002411 1 2
2457802.406669 0.000039 0.029504 0.002185 1 2
2457802.406708 0.000039 0.027676 0.002216 1 2
2457802.406747 0.000039 0.023815 0.002342 1 2
2457802.406786 0.000039 0.028862 0.002313 1 2
2457802.406825 0.000039 0.033327 0.002526 1 2
2457802.406864 0.000039 0.027156 0.002395 1 2
2457802.406903 0.000039 0.028129 0.002232 1 2
2457802.406942 0.000039 0.028192 0.002354 1 2
2457802.406981 0.000039 0.026997 0.002187 1 2
2457802.407020 0.000039 0.031324 0.002153 1 2
2457802.407059 0.000039 0.022537 0.002135 1 2
2457802.407098 0.000039 0.032690 0.002319 1 2
2457802.407137 0.000039 0.027562 0.002304 1 2
2457802.407176 0.000039 0.030010 0.002188 1 2
2457802.407215 0.000039 0.027034 0.002286 1 2
2457802.407254 0.000039 0.030076 0.002340 1 2
2457802.407293 0.000039 0.028860 0.002270 1 2
2457802.407332 0.000039 0.028897 0.002235 1 2
2457802.407371 0.000039 0.029955 0.002120 1 2
2457802.407410 0.000039 0.033512 0.002295 1 2
2457802.407449 0.000039 0.026142 0.002288 1 2
2457802.407488 0.000039 0.030486 0.002216 1 2
2457802.407527 0.000039 0.032173 0.002193 1 2
2457802.407566 0.000039 0.028065 0.002240 1 2
2457802.407605 0.000039 0.026260 0.002229 1 2
2457802.407643 0.000039 0.031839 0.002465 1 2
2457802.407682 0.000039 0.032460 0.002299 1 2
2457802.407721 0.000039 0.027624 0.002188 1 2
2457802.407760 0.000039 0.029560 0.002165 1 2
2457802.407799 0.000039 0.031779 0.002145 1 2
2457802.407838 0.000039 0.029009 0.002109 1 2
2457802.407877 0.000039 0.029698 0.002285 1 2
2457802.407916 0.000039 0.028127 0.002018 1 2
2457802.407955 0.000039 0.026192 0.002233 1 2
2457802.407994 0.000039 0.034351 0.002181 1 2
2457802.408033 0.000039 0.027026 0.002183 1 2
2457802.408072 0.000039 0.028439 0.002244 1 2
2457802.408111 0.000039 0.029624 0.002356 1 2
2457802.408150 0.000039 0.030315 0.002240 1 2
2457802.408189 0.000039 0.027887 0.002262 1 2
2457802.408228 0.000039 0.032168 0.002347 1 2
2457802.408267 0.000039 0.024746 0.002267 1 2
2457802.408306 0.000039 0.028851 0.002102 1 2
2457802.408345 0.000039 0.030188 0.002437 1 2
2457802.408384 0.000039 0.030290 0.002314 1 2
2457802.408423 0.000039 0.028635 0.002335 1 2
2457802.408462 0.000039 0.025490 0.002506 1 2
2457802.408501 0.000039 0.025922 0.002311 1 2
2457802.408540 0.000039 0.023382 0.002155 1 2
2457802.408579 0.000039 0.028945 0.002238 1 2
2457802.408618 0.000039 0.028716 0.002284 1 2
2457802.408657 0.000039 0.030358 0.002302 1 2
2457802.408696 0.000039 0.026561 0.002153 1 2
2457802.408735 0.000039 0.026152 0.002323 1 2
2457802.408774 0.000039 0.028484 0.002225 1 2
2457802.408813 0.000039 0.026643 0.002156 1 2
2457802.408852 0.000039 0.028730 0.002141 1 2
2457802.408891 0.000039 0.029547 0.002215 1 2
2457802.408930 0.000039 0.024198 0.002305 1 2
2457802.408969 0.000039 0.027237 0.002289 1 2
2457802.409008 0.000039 0.024291 0.002162 1 2
2457802.409047 0.000039 0.031324 0.002389 1 2
2457802.409085 0.000039 0.027245 0.002280 1 2
2457802.409124 0.000039 0.030357 0.002429 1 2
2457802.409163 0.000039 0.030074 0.002211 1 2
2457802.409202 0.000039 0.030787 0.002299 1 2
2457802.409241 0.000039 0.028678 0.002131 1 2
2457802.409280 0.000039 0.025939 0.002388 1 2
2457802.409319 0.000039 0.028897 0.002289 1 2
2457802.409358 0.000039 0.030622 0.002175 1 2
2457802.409397 0.000039 0.025277 0.002295 1 2
2457802.409436 0.000039 0.025515 0.002226 1 2
2457802.409475 0.000039 0.025364 0.002309 1 2
2457802.409514 0.000039 0.027017 0.002340 1 2
2457802.409553 0.000039 0.027514 0.002183 1 2
2457802.409592 0.000039 0.024776 0.002100 1 2
2457802.409631 0.000039 0.023038 0.002215 1 2
2457802.409670 0.000039 0.025061 0.002434 1 2
2457802.409709 0.000039 0.028734 0.002150 1 2
2457802.409748 0.000039 0.025909 0.002219 1 2
2457802.409787 0.000039 0.029290 0.002386 1 2
2457802.409826 0.000039 0.025701 0.002389 1 2
2457802.409865 0.000039 0.029235 0.002320 1 2
2457802.409904 0.000039 0.027714 0.002372 1 2
2457802.409943 0.000039 0.025518 0.002269 1 2
2457802.409982 0.000039 0.024266 0.002361 1 2
2457802.410021 0.000039 0.027796 0.002361 1 2
2457802.410060 0.000039 0.027207 0.002424 1 2
2457802.410099 0.000039 0.029050 0.002453 1 2
2457802.410138 0.000039 0.027703 0.002402 1 2
2457802.410177 0.000039 0.030066 0.002344 1 2
2457802.410216 0.000039 0.025667 0.002083 1 2
2457802.410255 0.000039 0.023390 0.002214 1 2
2457802.410294 0.000039 0.031219 0.002254 1 2
2457802.410333 0.000039 0.031123 0.002354 1 2
2457802.410372 0.000039 0.031163 0.002121 1 2
2457802.410411 0.000039 0.023489 0.002092 1 2
2457802.410450 0.000039 0.026803 0.002134 1 2
2457802.410489 0.000039 0.028816 0.002148 1 2
2457802.410527 0.000039 0.025803 0.002158 1 2
2457802.410566 0.000039 0.028205 0.002184 1 2
2457802.410605 0.000039 0.024848 0.002174 1 2
2457802.410644 0.000039 0.028881 0.002226 1 2
2457802.410683 0.000039 0.026663 0.002312 1 2
2457802.410722 0.000039 0.023244 0.002140 1 2
2457802.410761 0.000039 0.020401 0.002125 1 2
2457802.410800 0.000039 0.025481 0.002375 1 2
2457802.410839 0.000039 0.025562 0.002231 1 2
2457802.410878 0.000039 0.025978 0.002300 1 2
2457802.410917 0.000039 0.020767 0.002474 1 2
2457802.410956 0.000039 0.028308 0.002241 1 2
2457802.410995 0.000039 0.027250 0.002444 1 2
2457802.411034 0.000039 0.033765 0.002343 1 2
2457802.411073 0.000039 0.022110 0.002238 1 2
2457802.411112 0.000039 0.021153 0.002166 1 2
2457802.411151 0.000039 0.025162 0.002252 1 2
2457802.411190 0.000039 0.027390 0.002196 1 2
2457802.411229 0.000039 0.022504 0.002322 1 2
2457802.411268 0.000039 0.028348 0.002317 1 2
2457802.411307 0.000039 0.026206 0.002166 1 2
2457802.411346 0.000039 0.027851 0.002326 1 2
2457802.411385 0.000039 0.026456 0.002341 1 2
2457802.411424 0.000039 0.030116 0.002324 1 2
2457802.411463 0.000039 0.019884 0.002180 1 2
2457802.411502 0.000039 0.023581 0.002178 1 2
2457802.411541 0.000039 0.021927 0.002208 1 2
2457802.411580 0.000039 0.026137 0.002244 1 2
2457802.411619 0.000039 0.022398 0.002283 1 2
2457802.411658 0.000039 0.024804 0.002277 1 2
2457802.411697 0.000039 0.029340 0.002491 1 2
2457802.411736 0.000039 0.026840 0.002426 1 2
2457802.411775 0.000039 0.024352 0.002541 1 2
2457802.411814 0.000039 0.022759 0.002290 1 2
2457802.411853 0.000039 0.028426 0.002294 1 2
2457802.411892 0.000039 0.024678 0.002230 1 2
2457802.411931 0.000039 0.025978 0.002029 1 2
2457802.411969 0.000039 0.025541 0.002175 1 2
2457802.412008 0.000039 0.023640 0.002187 1 2
2457802.412047 0.000039 0.023311 0.002069 1 2
2457802.412086 0.000039 0.026696 0.002133 1 2
2457802.412125 0.000039 0.024775 0.002212 1 2
2457802.412164 0.000039 0.018953 0.002136 1 2
2457802.412203 0.000039 0.023881 0.002139 1 2
2457802.412242 0.000039 0.027495 0.002280 1 2
2457802.412281 0.000039 0.029627 0.002526 1 2
2457802.412320 0.000039 0.020533 0.002167 1 2
2457802.412359 0.000039 0.027329 0.002200 1 2
2457802.412398 0.000039 0.023857 0.002050 1 2
2457802.412437 0.000039 0.018045 0.001967 1 2
2457802.412476 0.000039 0.020834 0.002262 1 2
2457802.412515 0.000039 0.023338 0.002107 1 2
2457802.412554 0.000039 0.023988 0.002106 1 2
2457802.412593 0.000039 0.025160 0.002152 1 2
2457802.412632 0.000039 0.024056 0.002240 1 2
2457802.412671 0.000039 0.021867 0.002216 1 2
2457802.412710 0.000039 0.022174 0.002099 1 2
2457802.412749 0.000039 0.027478 0.002149 1 2
2457802.412788 0.000039 0.027114 0.002186 1 2
2457802.412827 0.000039 0.020412 0.002100 1 2
2457802.412866 0.000039 0.023324 0.002226 1 2
2457802.412905 0.000039 0.025124 0.002123 1 2
2457802.412944 0.000039 0.024259 0.002221 1 2
2457802.412983 0.000039 0.025773 0.002236 1 2
2457802.413022 0.000039 0.022695 0.002222 1 2
2457802.413061 0.000039 0.020076 0.002377 1 2
2457802.413100 0.000039 0.022340 0.002177 1 2
2457802.413139 0.000039 0.021961 0.002206 1 2
2457802.413178 0.000039 0.024053 0.002272 1 2
2457802.413217 0.000039 0.024302 0.002108 1 2
2457802.413256 0.000039 0.025862 0.002387 1 2
2457802.413295 0.000039 0.021033 0.002273 1 2
2457802.413334 0.000039 0.021661 0.002107 1 2
2457802.413373 0.000039 0.025428 0.002234 1 2
2457802.413411 0.000039 0.020765 0.002157 1 2
2457802.413450 0.000039 0.018937 0.002102 1 2
2457802.413489 0.000039 0.021672 0.002213 1 2
2457802.413528 0.000039 0.025347 0.002188 1 2
2457802.413567 0.000039 0.027066 0.002249 1 2
2457802.413606 0.000039 0.026289 0.002155 1 2
2457802.413645 0.000039 0.020862 0.002255 1 2
2457802.413684 0.000039 0.024232 0.002135 1 2
2457802.413723 0.000039 0.021199 0.002154 1 2
2457802.413762 0.000039 0.019731 0.002262 1 2
2457802.413801 0.000039 0.020260 0.002132 1 2
2457802.413840 0.000039 0.023679 0.002399 1 2
2457802.413879 0.000039 0.021647 0.002308 1 2
2457802.413918 0.000039 0.026891 0.002148 1 2
2457802.413957 0.000039 0.022637 0.002312 1 2
2457802.413996 0.000039 0.024538 0.002245 1 2
2457802.414035 0.000039 0.022854 0.002283 1 2
2457802.414074 0.000039 0.024208 0.002244 1 2
2457802.414113 0.000039 0.026224 0.002004 1 2
2457802.414152 0.000039 0.023918 0.002114 1 2
2457802.414191 0.000039 0.022212 0.002084 1 2
2457802.414230 0.000039 0.024065 0.002151 1 2
2457802.414269 0.000039 0.023702 0.002110 1 2
2457802.414308 0.000039 0.021758 0.002134 1 2
2457802.414347 0.000039 0.021635 0.002074 1 2
2457802.414386 0.000039 0.023668 0.002253 1 2
2457802.414425 0.000039 0.024616 0.002242 1 2
2457802.414464 0.000039 0.021308 0.002264 1 2
2457802.414503 0.000039 0.021603 0.002193 1 2
2457802.414542 0.000039 0.024382 0.002197 1 2
2457802.414581 0.000039 0.027878 0.002426 1 2
2457802.414620 0.000039 0.020987 0.002200 1 2
2457802.414659 0.000039 0.020155 0.002268 1 2
2457802.414698 0.000039 0.030959 0.002285 1 2
2457802.414737 0.000039 0.022930 0.002000 1 2
2457802.414776 0.000039 0.024529 0.002195 1 2
2457802.414815 0.000039 0.022169 0.002112 1 2
2457802.414853 0.000039 0.023514 0.002215 1 2
2457802.414892 0.000039 0.023234 0.002230 1 2
2457802.414931 0.000039 0.021423 0.002209 1 2
2457802.414970 0.000039 0.030655 0.002476 1 2
2457802.415009 0.000039 0.026443 0.002156 1 2
2457802.415048 0.000039 0.023564 0.002262 1 2
2457802.415087 0.000039 0.022430 0.002382 1 2
2457802.415126 0.000039 0.028550 0.002118 1 2
2457802.415165 0.000039 0.022703 0.002017 1 2
2457802.415204 0.000039 0.025628 0.002090 1 2
2457802.415243 0.000039 0.021883 0.002152 1 2
2457802.415282 0.000039 0.022251 0.002064 1 2
2457802.415321 0.000039 0.020224 0.002084 1 2
2457802.415360 0.000039 0.020853 0.002172 1 2
2457802.415399 0.000039 0.022885 0.002275 1 2
2457802.415438 0.000039 0.021902 0.002182 1 2
2457802.415477 0.000039 0.020359 0.002062 1 2
2457802.415516 0.000039 0.026078 0.002132 1 2
2457802.415555 0.000039 0.024774 0.002317 1 2
2457802.415594 0.000039 0.022595 0.002341 1 2
2457802.415633 0.000039 0.021376 0.001983 1 2
2457802.415672 0.000039 0.021769 0.002152 1 2
2457802.415711 0.000039 0.020585 0.002467 1 2
2457802.415750 0.000039 0.024030 0.002255 1 2
2457802.415789 0.000039 0.018384 0.002280 1 2
2457802.415828 0.000039 0.022631 0.002190 1 2
2457802.415867 0.000039 0.023303 0.002195 1 2
2457802.415906 0.000039 0.024814 0.002295 1 2
2457802.415945 0.000039 0.022319 0.002286 1 2
2457802.415984 0.000039 0.027889 0.002214 1 2
2457802.416023 0.000039 0.023877 0.002106 1 2
2457802.416062 0.000039 0.027302 0.002253 1 2
2457802.416101 0.000039 0.026505 0.002389 1 2
2457802.416140 0.000039 0.023630 0.002268 1 2
2457802.416179 0.000039 0.024642 0.002100 1 2
2457802.416218 0.000039 0.022021 0.002285 1 2
2457802.416257 0.000039 0.021787 0.002187 1 2
2457802.416295 0.000039 0.021682 0.002094 1 2
2457802.416334 0.000039 0.027702 0.002209 1 2
2457802.416373 0.000039 0.020964 0.002324 1 2
2457802.416412 0.000039 0.019353 0.002205 1 2
2457802.416451 0.000039 0.022256 0.002529 1 2
2457802.416490 0.000039 0.026801 0.002351 1 2
2457802.416529 0.000039 0.025502 0.002346 1 2
2457802.416568 0.000039 0.021251 0.002645 1 2
2457802.416607 0.000039 0.022871 0.002138 1 2
2457802.416646 0.000039 0.025068 0.002219 1 2
2457802.416685 0.000039 0.022731 0.002041 1 2
2457802.416724 0.000039 0.023880 0.002145 1 2
2457802.416763 0.000039 0.027918 0.002192 1 2
2457802.416802 0.000039 0.026133 0.002207 1 2
2457802.416841 0.000039 0.024360 0.002127 1 2
2457802.416880 0.000039 0.025295 0.002221 1 2
2457802.416919 0.000039 0.024647 0.002120 1 2
2457802.416958 0.000039 0.024535 0.002169 1 2
2457802.416997 0.000039 0.024946 0.001974 1 2
2457802.417036 0.000039 0.025956 0.002147 1 2
2457802.417075 0.000039 0.022789 0.002079 1 2
2457802.417114 0.000039 0.025464 0.002123 1 2
2457802.417153 0.000039 0.025809 0.002103 1 2
2457802.417192 0.000039 0.024060 0.002021 1 2
2457802.417231 0.000039 0.021810 0.001998 1 2
2457802.417270 0.000039 0.024002 0.002003 1 2
2457802.417309 0.000039 0.022914 0.002141 1 2
2457802.417348 0.000039 0.022243 0.002101 1 2
2457802.417387 0.000039 0.024431 0.002215 1 2
2457802.417426 0.000039 0.024206 0.002196 1 2
2457802.417465 0.000039 0.022582 0.002247 1 2
2457802.417504 0.000039 0.030405 0.002275 1 2
2457802.417543 0.000039 0.027178 0.002266 1 2
2457802.417582 0.000039 0.025457 0.002103 1 2
2457802.417621 0.000039 0.025333 0.002063 1 2
2457802.417660 0.000039 0.022442 0.002110 1 2
2457802.417699 0.000039 0.026347 0.002119 1 2
2457802.417737 0.000039 0.022628 0.002055 1 2
2457802.417776 0.000039 0.030408 0.002277 1 2
2457802.417815 0.000039 0.028733 0.002225 1 2
2457802.417854 0.000039 0.026752 0.002389 1 2
2457802.417893 0.000039 0.026812 0.002274 1 2
2457802.417932 0.000039 0.023235 0.002200 1 2
2457802.417971 0.000039 0.022036 0.002082 1 2
2457802.418010 0.000039 0.025576 0.002146 1 2
2457802.418049 0.000039 0.027434 0.002024 1 2
2457802.418088 0.000039 0.026018 0.002078 1 2
2457802.418127 0.000039 0.023085 0.002119 1 2
2457802.418166 0.000039 0.021272 0.001974 1 2
2457802.418205 0.000039 0.025187 0.002223 1 2
2457802.418244 0.000039 0.023084 0.002140 1 2
2457802.418283 0.000039 0.022165 0.002237 1 2
2457802.418322 0.000039 0.021667 0.002267 1 2
2457802.418361 0.000039 0.022635 0.002358 1 2
2457802.418400 0.000039 0.022825 0.002296 1 2
2457802.418439 0.000039 0.017137 0.002163 1 2
2457802.418478 0.000039 0.013876 0.002157 1 2
2457802.418517 0.000039 0.012643 0.002105 1 2
2457802.418556 0.000039 0.014813 0.002263 1 2
2457802.418595 0.000039 0.010981 0.002278 1 2
2457802.418634 0.000039 0.007391 0.002254 1 2
2457802.418673 0.000039 0.002987 0.002200 1 2
2457802.418712 0.000039 0.002651 0.002099 1 2
2457802.418751 0.000039 0.002756 0.001861 1 2
2457802.418790 0.000039 0.003629 0.002025 1 2
2457802.418829 0.000039 0.000077 0.002101 1 2
2457802.418868 0.000039 0.002406 0.002082 1 2
2457802.418907 0.000039 0.002053 0.002214 1 2
2457802.418946 0.000039 0.004848 0.002320 1 2
2457802.418985 0.000039 0.001625 0.002252 1 2
2457802.419024 0.000039 0.002750 0.002139 1 2
2457802.419063 0.000039 0.003610 0.002065 1 2
2457802.419102 0.000039 0.003247 0.002110 1 2
2457802.419141 0.000039 -0.000172 -0.002094 1 2
2457802.419179 0.000039 0.004601 0.002266 1 2
2457802.419218 0.000039 0.003277 0.002174 1 2
2457802.419257 0.000039 -0.000656 -0.002211 1 2
2457802.419296 0.000039 0.002295 0.002208 1 2
2457802.419335 0.000039 0.002662 0.002314 1 2
2457802.419374 0.000039 -0.000930 -0.002212 1 2
2457802.419414 0.000039 0.001219 0.002184 1 2
2457802.419452 0.000039 -0.000218 -0.002178 1 2
2457802.419491 0.000039 0.002285 0.002145 1 2
2457802.419530 0.000039 0.000936 0.002354 1 2
2457802.419569 0.000039 0.002702 0.002506 1 2
2457802.419608 0.000039 0.004475 0.002238 1 2
2457802.419647 0.000039 0.004191 0.002066 1 2
2457802.419686 0.000039 -0.000213 -0.002156 1 2
2457802.419726 0.000039 0.001503 0.002096 1 2
2457802.419765 0.000039 -0.000699 -0.002033 1 2
2457802.419803 0.000039 0.001142 0.002129 1 2
2457802.419842 0.000039 0.000075 0.002083 1 2
2457802.419881 0.000039 -0.001933 -0.002229 1 2
2457802.419920 0.000039 0.002573 0.001979 1 2
2457802.419959 0.000039 0.003728 0.002042 1 2
2457802.419998 0.000039 0.000531 0.001888 1 2
2457802.420038 0.000039 -0.000618 -0.001995 1 2
2457802.420077 0.000039 0.000948 0.001942 1 2
2457802.420116 0.000039 0.000417 0.001942 1 2
2457802.420154 0.000039 -0.000606 -0.001973 1 2
2457802.420193 0.000039 -0.003283 -0.001839 1 2
2457802.420232 0.000039 0.000812 0.001988 1 2
2457802.420271 0.000039 0.000778 0.002105 1 2
2457802.420311 0.000039 0.003266 0.001961 1 2
2457802.420350 0.000039 0.000737 0.001893 1 2
2457802.420389 0.000039 -0.000934 -0.002165 1 2
2457802.420428 0.000039 0.002478 0.002229 1 2
2457802.420467 0.000039 0.003875 0.002169 1 2
2457802.420505 0.000039 0.000661 0.002017 1 2
2457802.420544 0.000039 -0.002634 -0.001966 1 2
2457802.420583 0.000039 0.000222 0.001976 1 2
2457802.420622 0.000039 -0.003890 -0.002112 1 2
2457802.420661 0.000039 -0.003514 -0.001944 1 2
2457802.420700 0.000039 0.000109 0.001856 1 2
2457802.420739 0.000039 0.003458 0.001951 1 2
2457802.420778 0.000039 0.001946 0.002022 1 2
2457802.420817 0.000039 0.002205 0.001866 1 2
2457802.420855 0.000039 -0.001899 -0.001885 1 2
2457802.420894 0.000039 0.000601 0.002027 1 2
2457802.420934 0.000039 0.005026 0.002033 1 2
2457802.420973 0.000039 0.006507 0.002023 1 2
2457802.421012 0.000039 0.007478 0.002264 1 2
2457802.421051 0.000039 0.011023 0.002504 1 2
2457802.421090 0.000039 0.008608 0.002130 1 2
2457802.421129 0.000039 0.009228 0.002203 1 2
2457802.421167 0.000039 0.018591 0.002271 1 2
2457802.421206 0.000039 0.014319 0.002328 1 2
2457802.421246 0.000039 0.020836 0.002331 1 2
2457802.421285 0.000039 0.020506 0.002524 1 2
2457802.421324 0.000039 0.023065 0.002492 1 2
2457802.421363 0.000039 0.022687 0.002515 1 2
2457802.421402 0.000039 0.023869 0.002276 1 2
2457802.421441 0.000039 0.020724 0.002399 1 2
2457802.421480 0.000039 0.017285 0.002203 1 2
2457802.421518 0.000039 0.022859 0.002358 1 2
2457802.421558 0.000039 0.023312 0.002098 1 2
2457802.421597 0.000039 0.023557 0.002252 1 2
2457802.421636 0.000039 0.021473 0.002204 1 2
2457802.421675 0.000039 0.022647 0.002263 1 2
2457802.421714 0.000039 0.024149 0.002244 1 2
2457802.421753 0.000039 0.023558 0.002017 1 2
2457802.421792 0.000039 0.019466 0.002103 1 2
2457802.421831 0.000039 0.019718 0.002157 1 2
2457802.421870 0.000039 0.026984 0.002183 1 2
2457802.421909 0.000039 0.018974 0.002101 1 2
2457802.421948 0.000039 0.027504 0.002190 1 2
2457802.421987 0.000039 0.023455 0.002278 1 2
2457802.422026 0.000039 0.025237 0.002275 1 2
2457802.422064 0.000039 0.029342 0.002413 1 2
2457802.422103 0.000039 0.023170 0.002246 1 2
2457802.422142 0.000039 0.021599 0.002087 1 2
2457802.422181 0.000039 0.021386 0.002269 1 2
2457802.422220 0.000039 0.023599 0.002372 1 2
2457802.422259 0.000039 0.025051 0.002409 1 2
2457802.422298 0.000039 0.025343 0.002322 1 2
2457802.422337 0.000039 0.028045 0.002671 1 2
2457802.422376 0.000039 0.025925 0.002526 1 2
2457802.422415 0.000039 0.026473 0.002453 1 2
2457802.422454 0.000039 0.020727 0.002251 1 2
2457802.422493 0.000039 0.020702 0.002251 1 2
2457802.422532 0.000039 0.023498 0.002604 1 2
2457802.422571 0.000039 0.021342 0.002372 1 2
2457802.422610 0.000039 0.029193 0.002515 1 2
2457802.422649 0.000039 0.025522 0.002471 1 2
2457802.422688 0.000039 0.025310 0.002292 1 2
2457802.422727 0.000039 0.028307 0.002177 1 2
2457802.422766 0.000039 0.025412 0.002282 1 2
2457802.422805 0.000039 0.025130 0.002258 1 2
2457802.422844 0.000039 0.024080 0.002226 1 2
2457802.422883 0.000039 0.022865 0.002248 1 2
2457802.422922 0.000039 0.030092 0.002360 1 2
2457802.422961 0.000039 0.024709 0.002170 1 2
2457802.423000 0.000039 0.024577 0.002201 1 2
2457802.423039 0.000039 0.026317 0.002244 1 2
2457802.423078 0.000039 0.021568 0.002554 1 2
2457802.423117 0.000039 0.024435 0.002353 1 2
2457802.423156 0.000039 0.026211 0.002348 1 2
2457802.423195 0.000039 0.023495 0.002256 1 2
2457802.423234 0.000039 0.023581 0.002310 1 2
2457802.423273 0.000039 0.023784 0.002531 1 2
2457802.423312 0.000039 0.023202 0.002491 1 2
2457802.423351 0.000039 0.025212 0.002498 1 2
2457802.423390 0.000039 0.022993 0.002472 1 2
2457802.423429 0.000039 0.025982 0.002444 1 2
2457802.423468 0.000039 0.026798 0.002430 1 2
2457802.423506 0.000039 0.024432 0.002253 1 2
2457802.423545 0.000039 0.023929 0.002071 1 2
2457802.423584 0.000039 0.024448 0.002195 1 2
2457802.423623 0.000039 0.030969 0.002294 1 2
2457802.423662 0.000039 0.027323 0.002317 1 2
2457802.423701 0.000039 0.027078 0.002327 1 2
2457802.423740 0.000039 0.022569 0.002494 1 2
2457802.423779 0.000039 0.026314 0.002619 1 2
2457802.423818 0.000039 0.027428 0.002446 1 2
2457802.423857 0.000039 0.025565 0.002531 1 2
2457802.423896 0.000039 0.024208 0.002858 1 2
2457802.423935 0.000039 0.032337 0.003046 1 2
2457802.423974 0.000039 0.031341 0.002702 1 2
2457802.424013 0.000039 0.030404 0.002401 1 2
2457802.424052 0.000039 0.021784 0.002539 1 2
2457802.424091 0.000039 0.027453 0.002669 1 2
2457802.424130 0.000039 0.030673 0.002662 1 2
2457802.424169 0.000039 0.025399 0.002553 1 2
2457802.424208 0.000039 0.031827 0.002243 1 2
2457802.424247 0.000039 0.026453 0.002348 1 2
2457802.424286 0.000039 0.021394 0.002261 1 2
2457802.424325 0.000039 0.025113 0.002288 1 2
2457802.424364 0.000039 0.025972 0.002204 1 2
2457802.424403 0.000039 0.027512 0.002294 1 2
2457802.424442 0.000039 0.027566 0.002630 1 2
2457802.424481 0.000039 0.028042 0.002341 1 2
2457802.424520 0.000039 0.029018 0.002394 1 2
2457802.424559 0.000039 0.025444 0.002408 1 2
2457802.424598 0.000039 0.026970 0.002429 1 2
2457802.424637 0.000039 0.030548 0.002483 1 2
2457802.424676 0.000039 0.029108 0.002296 1 2
2457802.424715 0.000039 0.028463 0.002425 1 2
2457802.424754 0.000039 0.025541 0.002554 1 2
2457802.424793 0.000039 0.026900 0.002406 1 2
2457802.424832 0.000039 0.023562 0.002534 1 2
2457802.424871 0.000039 0.030781 0.002410 1 2
2457802.424910 0.000039 0.029200 0.002709 1 2
2457802.424948 0.000039 0.026202 0.002700 1 2
2457802.424987 0.000039 0.026726 0.002567 1 2
2457802.425026 0.000039 0.028393 0.002557 1 2
2457802.425065 0.000039 0.025944 0.002375 1 2
2457802.425104 0.000039 0.031285 0.002569 1 2
2457802.425143 0.000039 0.029396 0.002471 1 2
2457802.425182 0.000039 0.027698 0.002686 1 2
2457802.425221 0.000039 0.028059 0.002591 1 2
2457802.425260 0.000039 0.027083 0.002593 1 2
2457802.425299 0.000039 0.024950 0.002679 1 2
2457802.425338 0.000039 0.028883 0.002653 1 2
2457802.425377 0.000039 0.028098 0.002821 1 2
2457802.425416 0.000039 0.028402 0.002952 1 2
2457802.425455 0.000039 0.020910 0.002802 1 2
2457802.425494 0.000039 0.027413 0.002576 1 2
2457802.425533 0.000039 0.023467 0.002985 1 2
2457802.425572 0.000039 0.033321 0.002784 1 2
2457802.425611 0.000039 0.021299 0.002999 1 2
2457802.425650 0.000039 0.025410 0.002750 1 2
2457802.425689 0.000039 0.025025 0.002711 1 2
2457802.425728 0.000039 0.029241 0.002875 1 2
2457802.425767 0.000039 0.029986 0.002597 1 2
2457802.425806 0.000039 0.030778 0.002475 1 2
2457802.425845 0.000039 0.024600 0.002495 1 2
2457802.425884 0.000039 0.025263 0.002598 1 2
2457802.425923 0.000039 0.028455 0.002620 1 2
2457802.425962 0.000039 0.029115 0.003234 1 2
2457802.426001 0.000039 0.030125 0.003423 1 2
2457802.426040 0.000039 0.029096 0.002484 1 2
2457802.426079 0.000039 0.029907 0.002614 1 2
2457802.426118 0.000039 0.026666 0.002786 1 2
2457802.426157 0.000039 0.021464 0.002619 1 2
2457802.426196 0.000039 0.025302 0.002583 1 2
2457802.426235 0.000039 0.028488 0.002427 1 2
2457802.426274 0.000039 0.028901 0.002389 1 2
2457802.426313 0.000039 0.031909 0.002664 1 2
2457802.426352 0.000039 0.025659 0.002729 1 2
2457802.426390 0.000039 0.035961 0.002795 1 2
2457802.426429 0.000039 0.021195 0.002745 1 2
2457802.426468 0.000039 0.031593 0.002875 1 2
2457802.426507 0.000039 0.033233 0.003219 1 2
2457802.426546 0.000039 0.032176 0.002982 1 2
2457802.426585 0.000039 0.030729 0.002667 1 2
2457802.426624 0.000039 0.028520 0.002656 1 2
2457802.426663 0.000039 0.034796 0.002723 1 2
2457802.426702 0.000039 0.029303 0.002457 1 2
2457802.426741 0.000039 0.035773 0.002664 1 2
2457802.426780 0.000039 0.029037 0.002682 1 2
2457802.426819 0.000039 0.030079 0.002438 1 2
2457802.426858 0.000039 0.027112 0.002480 1 2
2457802.426897 0.000039 0.029898 0.002745 1 2
2457802.426936 0.000039 0.029053 0.002636 1 2
2457802.426975 0.000039 0.023627 0.002582 1 2
2457802.427014 0.000039 0.022256 0.002443 1 2
2457802.427053 0.000039 0.024627 0.002634 1 2
2457802.427092 0.000039 0.026477 0.002496 1 2
2457802.427131 0.000039 0.021363 0.002455 1 2
2457802.427170 0.000039 0.027417 0.002782 1 2
2457802.427209 0.000039 0.028822 0.002499 1 2
2457802.427248 0.000039 0.033139 0.002510 1 2
2457802.427287 0.000039 0.025877 0.002875 1 2
2457802.427326 0.000039 0.024363 0.002913 1 2
2457802.427365 0.000039 0.031860 0.002954 1 2
2457802.427404 0.000039 0.024858 0.002789 1 2
2457802.427443 0.000039 0.031783 0.002725 1 2
2457802.427482 0.000039 0.029519 0.002644 1 2
2457802.427521 0.000039 0.033518 0.002846 1 2
2457802.427560 0.000039 0.032366 0.002770 1 2
2457802.427599 0.000039 0.028271 0.002880 1 2
2457802.427638 0.000039 0.033890 0.002957 1 2
2457802.427677 0.000039 0.028313 0.002750 1 2
2457802.427716 0.000039 0.021424 0.002864 1 2
2457802.427755 0.000039 0.027655 0.002590 1 2
2457802.427794 0.000039 0.030564 0.002682 1 2
2457802.427832 0.000039 0.025014 0.002589 1 2
2457802.427871 0.000039 0.024928 0.002761 1 2
2457802.427910 0.000039 0.022794 0.002987 1 2
2457802.427949 0.000039 0.031119 0.002976 1 2
2457802.427988 0.000039 0.031610 0.002676 1 2
2457802.428027 0.000039 0.023029 0.002707 1 2
2457802.428066 0.000039 0.028837 0.002792 1 2
2457802.428105 0.000039 0.030218 0.002746 1 2
2457802.428144 0.000039 0.024914 0.002629 1 2
2457802.428183 0.000039 0.029765 0.002749 1 2
2457802.428222 0.000039 0.031925 0.002717 1 2
2457802.428261 0.000039 0.026199 0.002860 1 2
2457802.428300 0.000039 0.029223 0.002973 1 2
2457802.428339 0.000039 0.025237 0.002798 1 2
2457802.428378 0.000039 0.023351 0.002779 1 2
2457802.428417 0.000039 0.017791 0.003093 1 2
2457802.428456 0.000039 0.024244 0.002915 1 2
2457802.428495 0.000039 0.027665 0.002721 1 2
2457802.428534 0.000039 0.029085 0.002670 1 2
2457802.428573 0.000039 0.026751 0.002720 1 2
2457802.428612 0.000039 0.026573 0.002641 1 2
2457802.428651 0.000039 0.028255 0.002612 1 2
2457802.428690 0.000039 0.024633 0.002817 1 2
2457802.428729 0.000039 0.025957 0.002670 1 2
2457802.428768 0.000039 0.027300 0.002874 1 2
2457802.428807 0.000039 0.025346 0.002813 1 2
2457802.428846 0.000039 0.024469 0.002573 1 2
2457802.428885 0.000039 0.025165 0.002523 1 2
2457802.428924 0.000039 0.025738 0.002626 1 2
2457802.428963 0.000039 0.024341 0.002560 1 2
2457802.429002 0.000039 0.026617 0.002697 1 2
2457802.429041 0.000039 0.020153 0.002534 1 2
2457802.429080 0.000039 0.024446 0.002446 1 2
2457802.429119 0.000039 0.024684 0.002535 1 2
2457802.429158 0.000039 0.026360 0.002393 1 2
2457802.429197 0.000039 0.023705 0.002698 1 2
2457802.429236 0.000039 0.031481 0.002720 1 2
2457802.429274 0.000039 0.028258 0.002752 1 2
2457802.429313 0.000039 0.023539 0.002441 1 2
2457802.429352 0.000039 0.023884 0.002387 1 2
2457802.429391 0.000039 0.026461 0.002498 1 2
2457802.429430 0.000039 0.026487 0.002399 1 2
2457802.429469 0.000039 0.025088 0.002359 1 2
2457802.429508 0.000039 0.023015 0.002445 1 2
2457802.429547 0.000039 0.028164 0.002589 1 2
2457802.429586 0.000039 0.023356 0.002803 1 2
2457802.429625 0.000039 0.021637 0.002974 1 2
2457802.429664 0.000039 0.024298 0.002694 1 2
2457802.429703 0.000039 0.030900 0.002516 1 2
2457802.429742 0.000039 0.030065 0.002769 1 2
2457802.429781 0.000039 0.023351 0.002498 1 2
2457802.429820 0.000039 0.025529 0.002688 1 2
2457802.429859 0.000039 0.026263 0.002514 1 2
2457802.429898 0.000039 0.024523 0.002650 1 2
2457802.429937 0.000039 0.028412 0.002863 1 2
2457802.429976 0.000039 0.028722 0.003144 1 2
2457802.430015 0.000039 0.025481 0.002565 1 2
2457802.430054 0.000039 0.026286 0.002769 1 2
2457802.430093 0.000039 0.020611 0.002808 1 2
2457802.430132 0.000039 0.023080 0.002799 1 2
2457802.430171 0.000039 0.030605 0.002778 1 2
2457802.430210 0.000039 0.027094 0.003183 1 2
2457802.430249 0.000039 0.029890 0.002979 1 2
2457802.430288 0.000039 0.024222 0.002961 1 2
2457802.430327 0.000039 0.025830 0.002850 1 2
2457802.430366 0.000039 0.024548 0.002895 1 2
2457802.430405 0.000039 0.022213 0.002921 1 2
2457802.430444 0.000039 0.030065 0.002940 1 2
2457802.430483 0.000039 0.023068 0.002844 1 2
2457802.430522 0.000039 0.023107 0.002687 1 2
2457802.430561 0.000039 0.022653 0.002540 1 2
2457802.430600 0.000039 0.023616 0.002515 1 2
2457802.430639 0.000039 0.025143 0.002819 1 2
2457802.430678 0.000039 0.021876 0.002814 1 2
2457802.430716 0.000039 0.025040 0.002857 1 2
2457802.430755 0.000039 0.029847 0.002877 1 2
2457802.430794 0.000039 0.026103 0.002737 1 2
2457802.430833 0.000039 0.029335 0.002798 1 2
2457802.430872 0.000039 0.020617 0.002719 1 2
2457802.430911 0.000039 0.026469 0.003019 1 2
2457802.430950 0.000039 0.027781 0.002917 1 2
2457802.430989 0.000039 0.022438 0.003072 1 2
2457802.431028 0.000039 0.027278 0.002902 1 2
2457802.431067 0.000039 0.020492 0.002595 1 2
2457802.431106 0.000039 0.027711 0.002820 1 2
2457802.431145 0.000039 0.021182 0.002632 1 2
2457802.431184 0.000039 0.020138 0.002549 1 2
2457802.431223 0.000039 0.020199 0.002642 1 2
2457802.431262 0.000039 0.027760 0.002522 1 2
2457802.431301 0.000039 0.023590 0.002623 1 2
2457802.431340 0.000039 0.025722 0.002561 1 2
2457802.431379 0.000039 0.022138 0.002618 1 2
2457802.431418 0.000039 0.023436 0.002747 1 2
2457802.431457 0.000039 0.022013 0.002686 1 2
2457802.431496 0.000039 0.023241 0.002645 1 2
2457802.431535 0.000039 0.023004 0.002894 1 2
2457802.431574 0.000039 0.025068 0.002844 1 2
2457802.431613 0.000039 0.025088 0.003080 1 2
2457802.431652 0.000039 0.023173 0.003873 1 2
2457802.431691 0.000039 0.024290 0.003230 1 2
2457802.431730 0.000039 0.028411 0.002913 1 2
2457802.431769 0.000039 0.023859 0.003026 1 2
2457802.431808 0.000039 0.023085 0.002736 1 2
2457802.431847 0.000039 0.028715 0.002665 1 2
2457802.431886 0.000039 0.025197 0.002609 1 2
2457802.431925 0.000039 0.021373 0.002623 1 2
2457802.431964 0.000039 0.022901 0.002736 1 2
2457802.432003 0.000039 0.025328 0.002821 1 2
2457802.432042 0.000039 0.027128 0.003005 1 2
2457802.432081 0.000039 0.024115 0.002722 1 2
2457802.432120 0.000039 0.024895 0.002789 1 2
2457802.432158 0.000039 0.024298 0.002592 1 2
2457802.432197 0.000039 0.027339 0.002997 1 2
2457802.432236 0.000039 0.019129 0.002842 1 2
2457802.432275 0.000039 0.023564 0.003083 1 2
2457802.432314 0.000039 0.021063 0.003052 1 2
2457802.432353 0.000039 0.023452 0.003111 1 2
2457802.432392 0.000039 0.021580 0.003212 1 2
2457802.432431 0.000039 0.022570 0.003000 1 2
2457802.432470 0.000039 0.026900 0.003194 1 2
2457802.432509 0.000039 0.024311 0.002903 1 2
2457802.432548 0.000039 0.021846 0.002697 1 2
2457802.432587 0.000039 0.023712 0.002906 1 2
2457802.432626 0.000039 0.024898 0.002796 1 2
2457802.432665 0.000039 0.022125 0.003159 1 2
2457802.432704 0.000039 0.025550 0.003009 1 2
2457802.432743 0.000039 0.028907 0.003351 1 2
2457802.432782 0.000039 0.021692 0.003383 1 2
2457802.432821 0.000039 0.021240 0.003141 1 2
2457802.432860 0.000039 0.020420 0.002872 1 2
2457802.432899 0.000039 0.021624 0.002818 1 2
2457802.432938 0.000039 0.028822 0.002768 1 2
2457802.432977 0.000039 0.026689 0.002786 1 2
2457802.433016 0.000039 0.024331 0.002605 1 2
2457802.433055 0.000039 0.022939 0.002865 1 2
2457802.433094 0.000039 0.022334 0.002670 1 2
2457802.433133 0.000039 0.025463 0.002597 1 2
2457802.433172 0.000039 0.026559 0.003167 1 2
2457802.433211 0.000039 0.023817 0.003033 1 2
2457802.433250 0.000039 0.017650 0.002682 1 2
2457802.433289 0.000039 0.023540 0.002924 1 2
2457802.433328 0.000039 0.022137 0.003503 1 2
2457802.433367 0.000039 0.022462 0.002872 1 2
2457802.433406 0.000039 0.026721 0.002891 1 2
2457802.433445 0.000039 0.025662 0.003339 1 2
2457802.433484 0.000039 0.024432 0.002775 1 2
2457802.433523 0.000039 0.027089 0.002800 1 2
2457802.433562 0.000039 0.020688 0.002770 1 2
2457802.433600 0.000039 0.027092 0.002803 1 2
2457802.433639 0.000039 0.029484 0.002773 1 2
2457802.433678 0.000039 0.023618 0.002782 1 2
2457802.433717 0.000039 0.021011 0.002743 1 2
2457802.433756 0.000039 0.028862 0.002763 1 2
2457802.433795 0.000039 0.025325 0.003068 1 2
2457802.433834 0.000039 0.024492 0.003225 1 2
2457802.433873 0.000039 0.023334 0.003549 1 2
2457802.433912 0.000039 0.022146 0.003173 1 2
2457802.433951 0.000039 0.029948 0.003163 1 2
2457802.433990 0.000039 0.023684 0.002761 1 2
2457802.434029 0.000039 0.022723 0.003153 1 2
2457802.434068 0.000039 0.030148 0.003092 1 2
2457802.434107 0.000039 0.025750 0.002884 1 2
2457802.434146 0.000039 0.029024 0.003263 1 2
2457802.434185 0.000039 0.025778 0.003044 1 2
2457802.434224 0.000039 0.025601 0.002848 1 2
2457802.434263 0.000039 0.018479 0.002747 1 2
2457802.434302 0.000039 0.023351 0.003126 1 2
2457802.434341 0.000039 0.014423 0.003059 1 2
2457802.434380 0.000039 0.022919 0.002810 1 2
2457802.434419 0.000039 0.024780 0.003155 1 2
2457802.434458 0.000039 0.025599 0.002804 1 2
2457802.434497 0.000039 0.025752 0.002873 1 2
2457802.434536 0.000039 0.026450 0.002752 1 2
2457802.434575 0.000039 0.030694 0.002865 1 2
2457802.434614 0.000039 0.031097 0.002772 1 2
2457802.434653 0.000039 0.027210 0.002860 1 2
2457802.434692 0.000039 0.027591 0.002910 1 2
2457802.434731 0.000039 0.023871 0.002980 1 2
2457802.434770 0.000039 0.027734 0.002853 1 2
2457802.434809 0.000039 0.027768 0.002902 1 2
2457802.434848 0.000039 0.028384 0.003083 1 2
2457802.434887 0.000039 0.025194 0.003178 1 2
2457802.434926 0.000039 0.024989 0.003201 1 2
2457802.434965 0.000039 0.028935 0.002910 1 2
2457802.435004 0.000039 0.027076 0.003057 1 2
2457802.435042 0.000039 0.023824 0.003204 1 2
2457802.435081 0.000039 0.022312 0.003186 1 2
2457802.435120 0.000039 0.027620 0.002913 1 2
2457802.435159 0.000039 0.024399 0.003126 1 2
2457802.435198 0.000039 0.020464 0.003063 1 2
2457802.435237 0.000039 0.026134 0.003299 1 2
2457802.435276 0.000039 0.025681 0.003155 1 2
2457802.435315 0.000039 0.023985 0.003189 1 2
2457802.435354 0.000039 0.025720 0.003212 1 2
2457802.435393 0.000039 0.021037 0.002895 1 2
2457802.435432 0.000039 0.026374 0.002830 1 2
2457802.435471 0.000039 0.028749 0.002806 1 2
2457802.435510 0.000039 0.030028 0.002906 1 2
2457802.435549 0.000039 0.027220 0.002844 1 2
2457802.435588 0.000039 0.017429 0.002893 1 2
2457802.435627 0.000039 0.031588 0.003051 1 2
2457802.435666 0.000039 0.024219 0.002985 1 2
2457802.435705 0.000039 0.029240 0.003365 1 2
2457802.435744 0.000039 0.026017 0.003057 1 2
2457802.435783 0.000039 0.022955 0.003096 1 2
2457802.435822 0.000039 0.028125 0.002917 1 2
2457802.435861 0.000039 0.023135 0.002717 1 2
2457802.435900 0.000039 0.024287 0.002940 1 2
2457802.435939 0.000039 0.026957 0.003472 1 2
2457802.435978 0.000039 0.025344 0.003474 1 2
2457802.436017 0.000039 0.025868 0.003026 1 2
2457802.436056 0.000039 0.023807 0.003188 1 2
2457802.436095 0.000039 0.018895 0.002963 1 2
2457802.436134 0.000039 0.024781 0.002661 1 2
2457802.436173 0.000039 0.028188 0.002859 1 2
2457802.436212 0.000039 0.026741 0.002998 1 2
2457802.436251 0.000039 0.026058 0.003025 1 2
2457802.436290 0.000039 0.021684 0.002899 1 2
2457802.436329 0.000039 0.033059 0.002885 1 2
2457802.436368 0.000039 0.020372 0.003099 1 2
2457802.436407 0.000039 0.023998 0.003070 1 2
2457802.436446 0.000039 0.021591 0.002623 1 2
2457802.436484 0.000039 0.022552 0.002799 1 2
2457802.436523 0.000039 0.025624 0.002878 1 2
2457802.436562 0.000039 0.027017 0.003045 1 2
2457802.436601 0.000039 0.023269 0.002679 1 2
2457802.436640 0.000039 0.023483 0.002627 1 2
2457802.436679 0.000039 0.027380 0.002966 1 2
2457802.436718 0.000039 0.019810 0.003115 1 2
2457802.436757 0.000039 0.021396 0.003058 1 2
2457802.436796 0.000039 0.020238 0.002827 1 2
2457802.436835 0.000039 0.025932 0.003044 1 2
2457802.436874 0.000039 0.021886 0.002971 1 2
2457802.436913 0.000039 0.024716 0.002966 1 2
2457802.436952 0.000039 0.025016 0.002743 1 2
2457802.436991 0.000039 0.023495 0.002609 1 2
2457802.437030 0.000039 0.024744 0.002948 1 2
2457802.437069 0.000039 0.025882 0.002917 1 2
2457802.437108 0.000039 0.027653 0.002914 1 2
2457802.437147 0.000039 0.022072 0.002942 1 2
2457802.437186 0.000039 0.020013 0.002825 1 2
2457802.437225 0.000039 0.022227 0.002962 1 2
2457802.437264 0.000039 0.031345 0.002876 1 2
2457802.437303 0.000039 0.018871 0.002573 1 2
2457802.437342 0.000039 0.024468 0.002791 1 2
2457802.437381 0.000039 0.025941 0.002718 1 2
2457802.437420 0.000039 0.022650 0.002889 1 2
2457802.437459 0.000039 0.021139 0.002778 1 2
2457802.437498 0.000039 0.024650 0.002807 1 2
2457802.437537 0.000039 0.026023 0.002773 1 2
2457802.437576 0.000039 0.024050 0.002652 1 2
2457802.437615 0.000039 0.021230 0.002718 1 2
2457802.437654 0.000039 0.022007 0.002568 1 2
2457802.437693 0.000039 0.024685 0.002962 1 2
2457802.437732 0.000039 0.021438 0.002866 1 2
2457802.437771 0.000039 0.022666 0.002975 1 2
2457802.437810 0.000039 0.025866 0.002931 1 2
2457802.437849 0.000039 0.024682 0.002776 1 2
2457802.437888 0.000039 0.024449 0.002984 1 2
2457802.437926 0.000039 0.022500 0.003100 1 2
2457802.437965 0.000039 0.026755 0.002549 1 2
2457802.438004 0.000039 0.023922 0.002742 1 2
2457802.438043 0.000039 0.018336 0.002899 1 2
2457802.438082 0.000039 0.026141 0.002772 1 2
2457802.438121 0.000039 0.023645 0.002800 1 2
2457802.438160 0.000039 0.023244 0.003035 1 2
2457802.438199 0.000039 0.022596 0.002666 1 2
2457802.438238 0.000039 0.023667 0.002744 1 2
2457802.438277 0.000039 0.026891 0.003195 1 2
2457802.438316 0.000039 0.022924 0.002738 1 2
2457802.438355 0.000039 0.029349 0.002965 1 2
2457802.438394 0.000039 0.024480 0.002699 1 2
2457802.438433 0.000039 0.023731 0.002836 1 2
2457802.438472 0.000039 0.017147 0.003126 1 2
2457802.438511 0.000039 0.022539 0.003212 1 2
2457802.438550 0.000039 0.026595 0.003023 1 2
2457802.438589 0.000039 0.024239 0.002999 1 2
2457802.438628 0.000039 0.028214 0.003201 1 2
2457802.438667 0.000039 0.027772 0.003131 1 2
2457802.438706 0.000039 0.027721 0.003204 1 2
2457802.438745 0.000039 0.025909 0.003017 1 2
2457802.438784 0.000039 0.022840 0.002997 1 2
2457802.438823 0.000039 0.031516 0.003135 1 2
2457802.438862 0.000039 0.025597 0.002952 1 2
2457802.438901 0.000039 0.023087 0.002901 1 2
2457802.438940 0.000039 0.019883 0.002667 1 2
2457802.438979 0.000039 0.030298 0.003056 1 2
2457802.439018 0.000039 0.026332 0.003166 1 2
2457802.439057 0.000039 0.027246 0.003020 1 2
2457802.439096 0.000039 0.027614 0.002985 1 2
2457802.439135 0.000039 0.024150 0.003075 1 2
2457802.439174 0.000039 0.026838 0.003023 1 2
2457802.439213 0.000039 0.020043 0.002659 1 2
2457802.439252 0.000039 0.024345 0.002878 1 2
2457802.439291 0.000039 0.025246 0.002723 1 2
2457802.439330 0.000039 0.028734 0.002719 1 2
2457802.439368 0.000039 0.029541 0.003065 1 2
2457802.439407 0.000039 0.026855 0.002735 1 2
2457802.439446 0.000039 0.020274 0.002821 1 2
2457802.439485 0.000039 0.028082 0.002807 1 2
2457802.439524 0.000039 0.017471 0.002718 1 2
2457802.439563 0.000039 0.027289 0.002826 1 2
2457802.439602 0.000039 0.020512 0.003008 1 2
2457802.439641 0.000039 0.022724 0.002722 1 2
2457802.439680 0.000039 0.025540 0.003070 1 2
2457802.439719 0.000039 0.022293 0.003090 1 2
2457802.439758 0.000039 0.023911 0.002818 1 2
2457802.439797 0.000039 0.025951 0.002968 1 2
2457802.439836 0.000039 0.013880 0.002881 1 2
2457802.439875 0.000039 0.021075 0.003102 1 2
2457802.439914 0.000039 0.019788 0.002994 1 2
2457802.439953 0.000039 0.026132 0.002807 1 2
2457802.439992 0.000039 0.023386 0.003047 1 2
2457802.440031 0.000039 0.026682 0.002892 1 2
2457802.440070 0.000039 0.025200 0.003072 1 2
2457802.440109 0.000039 0.028703 0.002684 1 2
2457802.440148 0.000039 0.017655 0.002632 1 2
2457802.440187 0.000039 0.031219 0.003016 1 2
2457802.440226 0.000039 0.026802 0.002810 1 2
2457802.440265 0.000039 0.028060 0.002756 1 2
2457802.440304 0.000039 0.022934 0.002902 1 2
2457802.440343 0.000039 0.026823 0.002970 1 2
2457802.440382 0.000039 0.024388 0.002664 1 2
2457802.440421 0.000039 0.019660 0.002868 1 2
2457802.440460 0.000039 0.023524 0.003091 1 2
2457802.440499 0.000039 0.029336 0.003137 1 2
2457802.440538 0.000039 0.021156 0.002964 1 2
2457802.440577 0.000039 0.021731 0.002842 1 2
2457802.440616 0.000039 0.027863 0.002932 1 2
2457802.440655 0.000039 0.030889 0.003019 1 2
2457802.440694 0.000039 0.023105 0.003007 1 2
2457802.440733 0.000039 0.027308 0.003251 1 2
2457802.440772 0.000039 0.021780 0.003071 1 2
2457802.440810 0.000039 0.027698 0.002864 1 2
2457802.440849 0.000039 0.024325 0.002798 1 2
2457802.440888 0.000039 0.022745 0.002795 1 2
2457802.440927 0.000039 0.023473 0.002839 1 2
2457802.440966 0.000039 0.023219 0.002835 1 2
2457802.441005 0.000039 0.024007 0.002729 1 2
2457802.441044 0.000039 0.023578 0.002551 1 2
2457802.441083 0.000039 0.020328 0.002620 1 2
2457802.441122 0.000039 0.018809 0.002779 1 2
2457802.441161 0.000039 0.027248 0.002995 1 2
2457802.441200 0.000039 0.022978 0.003412 1 2
2457802.441239 0.000039 0.023008 0.003622 1 2
2457802.441278 0.000039 0.023124 0.003180 1 2
2457802.441317 0.000039 0.023521 0.003112 1 2
2457802.441356 0.000039 0.020467 0.002930 1 2
2457802.441395 0.000039 0.022595 0.002805 1 2
2457802.441434 0.000039 0.022924 0.002904 1 2
2457802.441473 0.000039 0.025753 0.003043 1 2
2457802.441512 0.000039 0.028989 0.003309 1 2
2457802.441551 0.000039 0.020828 0.002926 1 2
2457802.441590 0.000039 0.026262 0.002960 1 2
2457802.441629 0.000039 0.027319 0.002724 1 2
2457802.441668 0.000039 0.022155 0.002884 1 2
2457802.441707 0.000039 0.020612 0.003159 1 2
2457802.441746 0.000039 0.022030 0.003572 1 2
2457802.441785 0.000039 0.025443 0.003183 1 2
2457802.441824 0.000039 0.019501 0.002997 1 2
2457802.441863 0.000039 0.026372 0.003092 1 2
2457802.441902 0.000039 0.029358 0.002967 1 2
2457802.441941 0.000039 0.025830 0.002935 1 2
2457802.441980 0.000039 0.028838 0.002934 1 2
2457802.442019 0.000039 0.021297 0.003103 1 2
2457802.442058 0.000039 0.026915 0.002603 1 2
2457802.442097 0.000039 0.022827 0.002939 1 2
2457802.442136 0.000039 0.025753 0.002802 1 2
2457802.442175 0.000039 0.026040 0.002648 1 2
2457802.442214 0.000039 0.024666 0.002921 1 2
2457802.442252 0.000039 0.022899 0.002981 1 2
2457802.442291 0.000039 0.022270 0.002883 1 2
2457802.442330 0.000039 0.021890 0.002641 1 2
2457802.442369 0.000039 0.020649 0.002592 1 2
2457802.442408 0.000039 0.024395 0.002783 1 2
2457802.442447 0.000039 0.023223 0.002963 1 2
2457802.442486 0.000039 0.020906 0.003305 1 2
2457802.442525 0.000039 0.023115 0.003327 1 2
2457802.442564 0.000039 0.022458 0.002864 1 2
2457802.442603 0.000039 0.027044 0.003042 1 2
2457802.442642 0.000039 0.024692 0.002692 1 2
2457802.442681 0.000039 0.026417 0.002850 1 2
2457802.442720 0.000039 0.020328 0.002974 1 2
2457802.442759 0.000039 0.025940 0.002914 1 2
2457802.442798 0.000039 0.021041 0.002783 1 2
2457802.442837 0.000039 0.026529 0.003330 1 2
2457802.442876 0.000039 0.027832 0.002844 1 2
2457802.442915 0.000039 0.025241 0.002716 1 2
2457802.442954 0.000039 0.026687 0.003204 1 2
2457802.442993 0.000039 0.024972 0.003006 1 2
2457802.443032 0.000039 0.020406 0.002448 1 2
2457802.443071 0.000039 0.022660 0.002452 1 2
2457802.443110 0.000039 0.032528 0.002558 1 2
2457802.443149 0.000039 0.027134 0.003028 1 2
2457802.443188 0.000039 0.024213 0.002704 1 2
2457802.443227 0.000039 0.026077 0.002466 1 2
2457802.443266 0.000039 0.029142 0.002857 1 2
2457802.443305 0.000039 0.019972 0.002671 1 2
2457802.443344 0.000039 0.023607 0.002759 1 2
2457802.443383 0.000039 0.023750 0.003085 1 2
2457802.443422 0.000039 0.026480 0.002899 1 2
2457802.443461 0.000039 0.025062 0.002956 1 2
2457802.443500 0.000039 0.027257 0.002911 1 2
2457802.443539 0.000039 0.021179 0.002841 1 2
2457802.443578 0.000039 0.025203 0.003104 1 2
2457802.443617 0.000039 0.015968 0.003057 1 2
2457802.443656 0.000039 0.018488 0.002908 1 2
2457802.443694 0.000039 0.024859 0.003182 1 2
2457802.443733 0.000039 0.028174 0.003618 1 2
2457802.443772 0.000039 0.020265 0.003338 1 2
2457802.443811 0.000039 0.021891 0.002876 1 2
2457802.443850 0.000039 0.028520 0.002934 1 2
2457802.443889 0.000039 0.026521 0.002874 1 2
2457802.443928 0.000039 0.025447 0.002885 1 2
2457802.443967 0.000039 0.027146 0.003291 1 2
2457802.444006 0.000039 0.028534 0.003000 1 2
2457802.444045 0.000039 0.029078 0.003067 1 2
2457802.444084 0.000039 0.021733 0.002814 1 2
2457802.444123 0.000039 0.027676 0.002758 1 2
2457802.444162 0.000039 0.026203 0.002714 1 2
2457802.444201 0.000039 0.023523 0.002702 1 2
2457802.444240 0.000039 0.028485 0.002854 1 2
2457802.444279 0.000039 0.025028 0.002738 1 2
2457802.444318 0.000039 0.028809 0.003020 1 2
2457802.444357 0.000039 0.027537 0.003048 1 2
2457802.444396 0.000039 0.028148 0.003399 1 2
2457802.444435 0.000039 0.021778 0.002967 1 2
2457802.444474 0.000039 0.028362 0.002664 1 2
2457802.444513 0.000039 0.025994 0.003119 1 2
2457802.444552 0.000039 0.024001 0.002939 1 2
2457802.444591 0.000039 0.024255 0.003084 1 2
2457802.444630 0.000039 0.025511 0.003453 1 2
2457802.444669 0.000039 0.025315 0.003578 1 2
2457802.444708 0.000039 0.027679 0.002997 1 2
2457802.444747 0.000039 0.023458 0.002660 1 2
2457802.444786 0.000039 0.029012 0.002752 1 2
2457802.444825 0.000039 0.021371 0.003122 1 2
2457802.444864 0.000039 0.024088 0.003057 1 2
2457802.444903 0.000039 0.025124 0.002722 1 2
2457802.444942 0.000039 0.024222 0.002760 1 2
2457802.444981 0.000039 0.031713 0.003219 1 2
2457802.445020 0.000039 0.023410 0.003172 1 2
2457802.445059 0.000039 0.018363 0.003224 1 2
2457802.445098 0.000039 0.028306 0.003805 1 2
2457802.445136 0.000039 0.023576 0.003524 1 2
2457802.445175 0.000039 0.029483 0.003104 1 2
2457802.445214 0.000039 0.028510 0.003117 1 2
2457802.445253 0.000039 0.024604 0.003008 1 2
2457802.445292 0.000039 0.028873 0.003236 1 2
2457802.445331 0.000039 0.029085 0.003190 1 2
2457802.445370 0.000039 0.020182 0.003464 1 2
2457802.445409 0.000039 0.024793 0.003299 1 2
2457802.445448 0.000039 0.025083 0.003165 1 2
2457802.445487 0.000039 0.027072 0.003338 1 2
2457802.445526 0.000039 0.029604 0.002822 1 2
2457802.445565 0.000039 0.019752 0.002918 1 2
2457802.445604 0.000039 0.027299 0.002803 1 2
2457802.445643 0.000039 0.022500 0.003001 1 2
2457802.445682 0.000039 0.021400 0.003331 1 2
2457802.445721 0.000039 0.018116 0.003002 1 2
2457802.445760 0.000039 0.022043 0.003004 1 2
2457802.445799 0.000039 0.023944 0.003038 1 2
2457802.445838 0.000039 0.026187 0.002994 1 2
2457802.445877 0.000039 0.024504 0.002844 1 2
2457802.445916 0.000039 0.025951 0.002880 1 2
2457802.445955 0.000039 0.024861 0.002890 1 2
2457802.445994 0.000039 0.022092 0.002741 1 2
2457802.446033 0.000039 0.027122 0.002891 1 2
2457802.446072 0.000039 0.023299 0.002999 1 2
2457802.446111 0.000039 0.029344 0.002733 1 2
2457802.446150 0.000039 0.018834 0.002635 1 2
2457802.446189 0.000039 0.030138 0.003058 1 2
2457802.446228 0.000039 0.019074 0.003099 1 2
2457802.446267 0.000039 0.026357 0.002957 1 2
2457802.446306 0.000039 0.021146 0.002918 1 2
2457802.446345 0.000039 0.026466 0.002928 1 2
2457802.446384 0.000039 0.027816 0.003332 1 2
2457802.446423 0.000039 0.023469 0.003358 1 2
2457802.446462 0.000039 0.020257 0.003744 1 2
2457802.446501 0.000039 0.017199 0.002952 1 2
2457802.446540 0.000039 0.026640 0.003509 1 2
2457802.446578 0.000039 0.025563 0.003620 1 2
2457802.446617 0.000039 0.028622 0.003398 1 2
2457802.446656 0.000039 0.027711 0.003580 1 2
2457802.446695 0.000039 0.026453 0.003558 1 2
2457802.446734 0.000039 0.024788 0.002691 1 2
2457802.446773 0.000039 0.024936 0.003389 1 2
2457802.446812 0.000039 0.029135 0.003451 1 2
2457802.446851 0.000039 0.022495 0.003656 1 2
2457802.446890 0.000039 0.025681 0.003397 1 2
2457802.446929 0.000039 0.021210 0.003109 1 2
2457802.446968 0.000039 0.022198 0.003220 1 2
2457802.447007 0.000039 0.023425 0.002956 1 2
2457802.447046 0.000039 0.024613 0.002726 1 2
2457802.447085 0.000039 0.023040 0.002828 1 2
2457802.447124 0.000039 0.020375 0.002791 1 2
2457802.447163 0.000039 0.024284 0.002899 1 2
2457802.447202 0.000039 0.024306 0.002761 1 2
2457802.447241 0.000039 0.028579 0.002955 1 2
2457802.447280 0.000039 0.023426 0.002994 1 2
2457802.447319 0.000039 0.020528 0.002975 1 2
2457802.447358 0.000039 0.025390 0.002994 1 2
2457802.447397 0.000039 0.025718 0.002979 1 2
2457802.447436 0.000039 0.025959 0.002903 1 2
2457802.447475 0.000039 0.025621 0.003060 1 2
2457802.447514 0.000039 0.022891 0.003080 1 2
2457802.447553 0.000039 0.023853 0.003130 1 2
2457802.447592 0.000039 0.031192 0.002964 1 2
2457802.447631 0.000039 0.022381 0.003092 1 2
2457802.447670 0.000039 0.031529 0.003627 1 2
2457802.447709 0.000039 0.025739 0.003149 1 2
2457802.447748 0.000039 0.021187 0.002948 1 2
2457802.447787 0.000039 0.024003 0.002972 1 2
2457802.447826 0.000039 0.026438 0.002959 1 2
2457802.447865 0.000039 0.030030 0.003034 1 2
2457802.447904 0.000039 0.021894 0.002993 1 2
2457802.447943 0.000039 0.018792 0.003095 1 2
2457802.447982 0.000039 0.023900 0.003150 1 2
2457802.448021 0.000039 0.021808 0.003105 1 2
2457802.448059 0.000039 0.023466 0.003048 1 2
2457802.448098 0.000039 0.016843 0.003337 1 2
2457802.448137 0.000039 0.028523 0.003527 1 2
2457802.448176 0.000039 0.026857 0.003294 1 2
2457802.448215 0.000039 0.022893 0.002856 1 2
2457802.448254 0.000039 0.020440 0.003239 1 2
2457802.448293 0.000039 0.027385 0.003152 1 2
2457802.448332 0.000039 0.021164 0.003136 1 2
2457802.448371 0.000039 0.019096 0.003634 1 2
2457802.448410 0.000039 0.030340 0.003690 1 2
2457802.448449 0.000039 0.028321 0.003105 1 2
2457802.448488 0.000039 0.024154 0.003169 1 2
2457802.448527 0.000039 0.030319 0.003289 1 2
2457802.448566 0.000039 0.021142 0.003744 1 2
2457802.448605 0.000039 0.019809 0.003244 1 2
2457802.448644 0.000039 0.022815 0.003525 1 2
2457802.448683 0.000039 0.023940 0.003726 1 2
2457802.448722 0.000039 0.024170 0.003402 1 2
2457802.448761 0.000039 0.027519 0.003282 1 2
2457802.448800 0.000039 0.025243 0.003128 1 2
2457802.448839 0.000039 0.020725 0.003359 1 2
2457802.448878 0.000039 0.022391 0.003251 1 2
2457802.448917 0.000039 0.023755 0.002780 1 2
2457802.448956 0.000039 0.027574 0.003182 1 2
2457802.448995 0.000039 0.022519 0.003068 1 2
2457802.449034 0.000039 0.021994 0.003038 1 2
