2457100.315037 0.000039 0.023560 0.001175 1 2
2457100.315076 0.000039 0.020636 0.001110 1 2
2457100.315115 0.000039 0.020077 0.001086 1 2
2457100.315154 0.000039 0.019633 0.001047 1 2
2457100.315192 0.000039 0.020339 0.001062 1 2
2457100.315231 0.000039 0.025480 0.001270 1 2
2457100.315270 0.000039 0.024163 0.001125 1 2
2457100.315309 0.000039 0.019501 0.001110 1 2
2457100.315348 0.000039 0.021289 0.001127 1 2
2457100.315387 0.000039 0.021755 0.001125 1 2
2457100.315426 0.000039 0.022828 0.001189 1 2
2457100.315465 0.000039 0.021960 0.001074 1 2
2457100.315504 0.000039 0.023145 0.001087 1 2
2457100.315543 0.000039 0.024458 0.001162 1 2
2457100.315582 0.000039 0.023195 0.001159 1 2
2457100.315621 0.000039 0.024982 0.001337 1 2
2457100.315660 0.000039 0.024347 0.001190 1 2
2457100.315699 0.000039 0.022013 0.001123 1 2
2457100.315738 0.000039 0.022636 0.001120 1 2
2457100.315777 0.000039 0.023549 0.001199 1 2
2457100.315816 0.000039 0.021828 0.001042 1 2
2457100.315855 0.000039 0.022786 0.001108 1 2
2457100.315894 0.000039 0.021517 0.001108 1 2
2457100.315933 0.000039 0.021790 0.001003 1 2
2457100.315972 0.000039 0.025699 0.001079 1 2
2457100.316011 0.000039 0.025171 0.001170 1 2
2457100.316050 0.000039 0.022355 0.001155 1 2
2457100.316089 0.000039 0.023260 0.001182 1 2
2457100.316128 0.000039 0.026282 0.001324 1 2
2457100.316167 0.000039 0.022680 0.001121 1 2
2457100.316206 0.000039 0.024345 0.001184 1 2
2457100.316245 0.000039 0.024607 0.001202 1 2
2457100.316284 0.000039 0.026995 0.001223 1 2
2457100.316323 0.000039 0.025314 0.001445 1 2
2457100.316362 0.000039 0.026252 0.001206 1 2
2457100.316401 0.000039 0.024988 0.001197 1 2
2457100.316440 0.000039 0.022332 0.001184 1 2
2457100.316479 0.000039 0.024978 0.001187 1 2
2457100.316518 0.000039 0.023785 0.001217 1 2
2457100.316557 0.000039 0.022193 0.001395 1 2
2457100.316596 0.000039 0.022225 0.001184 1 2
2457100.316634 0.000039 0.023764 0.001133 1 2
2457100.316673 0.000039 0.027067 0.001398 1 2
2457100.316712 0.000039 0.027212 0.001410 1 2
2457100.316751 0.000039 0.026055 0.001220 1 2
2457100.316790 0.000039 0.026867 0.001283 1 2
2457100.316829 0.000039 0.024834 0.001334 1 2
2457100.316868 0.000039 0.024603 0.001210 1 2
2457100.316907 0.000039 0.023968 0.001153 1 2
2457100.316946 0.000039 0.026588 0.001213 1 2
2457100.316985 0.000039 0.024606 0.001223 1 2
2457100.317024 0.000039 0.024453 0.001194 1 2
2457100.317063 0.000039 0.023995 0.001382 1 2
2457100.317102 0.000039 0.024577 0.001260 1 2
2457100.317141 0.000039 0.025595 0.001214 1 2
2457100.317180 0.000039 0.023973 0.001122 1 2
2457100.317219 0.000039 0.024300 0.001126 1 2
2457100.317258 0.000039 0.025754 0.001180 1 2
2457100.317297 0.000039 0.023888 0.001195 1 2
2457100.317336 0.000039 0.024988 0.001260 1 2
2457100.317375 0.000039 0.026717 0.001338 1 2
2457100.317414 0.000039 0.023763 0.001225 1 2
2457100.317453 0.000039 0.023343 0.001334 1 2
2457100.317492 0.000039 0.023162 0.001192 1 2
2457100.317531 0.000039 0.024056 0.001156 1 2
2457100.317570 0.000039 0.024348 0.001178 1 2
2457100.317609 0.000039 0.026128 0.001378 1 2
2457100.317648 0.000039 0.023893 0.001120 1 2
2457100.317687 0.000039 0.025079 0.001131 1 2
2457100.317726 0.000039 0.027283 0.001205 1 2
2457100.317765 0.000039 0.024160 0.001123 1 2
2457100.317804 0.000039 0.025326 0.001209 1 2
2457100.317843 0.000039 0.021725 0.001124 1 2
2457100.317882 0.000039 0.026373 0.001258 1 2
2457100.317921 0.000039 0.026476 0.001285 1 2
2457100.317960 0.000039 0.025006 0.001155 1 2
2457100.317999 0.000039 0.024124 0.001152 1 2
2457100.318038 0.000039 0.024881 0.001176 1 2
2457100.318076 0.000039 0.025166 0.001200 1 2
2457100.318115 0.000039 0.026743 0.001249 1 2
2457100.318154 0.000039 0.024743 0.001286 1 2
2457100.318193 0.000039 0.027424 0.001305 1 2
2457100.318232 0.000039 0.026519 0.001267 1 2
2457100.318271 0.000039 0.028378 0.001283 1 2
2457100.318310 0.000039 0.028354 0.001327 1 2
2457100.318349 0.000039 0.027700 0.001294 1 2
2457100.318388 0.000039 0.027600 0.001214 1 2
2457100.318427 0.000039 0.023837 0.001211 1 2
2457100.318466 0.000039 0.028179 0.001230 1 2
2457100.318505 0.000039 0.029006 0.001189 1 2
2457100.318544 0.000039 0.026232 0.001126 1 2
2457100.318583 0.000039 0.027001 0.001259 1 2
2457100.318622 0.000039 0.027036 0.001207 1 2
2457100.318661 0.000039 0.026531 0.001117 1 2
2457100.318700 0.000039 0.028370 0.001189 1 2
2457100.318739 0.000039 0.025778 0.001147 1 2
2457100.318778 0.000039 0.024133 0.001131 1 2
2457100.318817 0.000039 0.025929 0.001156 1 2
2457100.318856 0.000039 0.026715 0.001146 1 2
2457100.318895 0.000039 0.025068 0.001132 1 2
2457100.318934 0.000039 0.023706 0.001108 1 2
2457100.318973 0.000039 0.027254 0.001154 1 2
2457100.319012 0.000039 0.029657 0.001231 1 2
2457100.319051 0.000039 0.028928 0.001208 1 2
2457100.319090 0.000039 0.030240 0.001222 1 2
2457100.319129 0.000039 0.025922 0.001127 1 2
2457100.319168 0.000039 0.028686 0.001258 1 2
2457100.319207 0.000039 0.031277 0.001230 1 2
2457100.319246 0.000039 0.030933 0.001276 1 2
2457100.319285 0.000039 0.027950 0.001139 1 2
2457100.319324 0.000039 0.030610 0.001265 1 2
2457100.319363 0.000039 0.028191 0.001292 1 2
2457100.319402 0.000039 0.029438 0.001209 1 2
2457100.319441 0.000039 0.030447 0.001186 1 2
2457100.319480 0.000039 0.028993 0.001215 1 2
2457100.319518 0.000039 0.032778 0.001335 1 2
2457100.319557 0.000039 0.032427 0.001302 1 2
2457100.319596 0.000039 0.029805 0.001322 1 2
2457100.319635 0.000039 0.030194 0.001248 1 2
2457100.319674 0.000039 0.031205 0.001323 1 2
2457100.319713 0.000039 0.032100 0.001325 1 2
2457100.319752 0.000039 0.024467 0.001354 1 2
2457100.319791 0.000039 0.025732 0.001216 1 2
2457100.319830 0.000039 0.027675 0.001274 1 2
2457100.319869 0.000039 0.026637 0.001263 1 2
2457100.319908 0.000039 0.025666 0.001236 1 2
2457100.319947 0.000039 0.027116 0.001172 1 2
2457100.319986 0.000039 0.027691 0.001248 1 2
2457100.320025 0.000039 0.031565 0.001347 1 2
2457100.320064 0.000039 0.029563 0.001243 1 2
2457100.320103 0.000039 0.030631 0.001367 1 2
2457100.320142 0.000039 0.026367 0.001335 1 2
2457100.320181 0.000039 0.028143 0.001318 1 2
2457100.320220 0.000039 0.027778 0.001367 1 2
2457100.320259 0.000039 0.026008 0.001385 1 2
2457100.320298 0.000039 0.025467 0.001144 1 2
2457100.320337 0.000039 0.025501 0.001166 1 2
2457100.320376 0.000039 0.024960 0.001190 1 2
2457100.320415 0.000039 0.025105 0.001165 1 2
2457100.320454 0.000039 0.023894 0.001207 1 2
2457100.320493 0.000039 0.027631 0.001485 1 2
2457100.320532 0.000039 0.028798 0.001396 1 2
2457100.320571 0.000039 0.025501 0.001334 1 2
2457100.320610 0.000039 0.027637 0.001300 1 2
2457100.320649 0.000039 0.030312 0.001225 1 2
2457100.320688 0.000039 0.025801 0.001159 1 2
2457100.320727 0.000039 0.029608 0.001235 1 2
2457100.320766 0.000039 0.028434 0.001226 1 2
2457100.320805 0.000039 0.027527 0.001228 1 2
2457100.320844 0.000039 0.031405 0.001381 1 2
2457100.320883 0.000039 0.026162 0.001219 1 2
2457100.320922 0.000039 0.029763 0.001227 1 2
2457100.320960 0.000039 0.030080 0.001340 1 2
2457100.320999 0.000039 0.031152 0.001269 1 2
2457100.321038 0.000039 0.030202 0.001307 1 2
2457100.321077 0.000039 0.027314 0.001277 1 2
2457100.321116 0.000039 0.031600 0.001383 1 2
2457100.321155 0.000039 0.029332 0.001325 1 2
2457100.321194 0.000039 0.028086 0.001163 1 2
2457100.321233 0.000039 0.026514 0.001145 1 2
2457100.321272 0.000039 0.028776 0.001202 1 2
2457100.321311 0.000039 0.029876 0.001137 1 2
2457100.321350 0.000039 0.031577 0.001166 1 2
2457100.321389 0.000039 0.030381 0.001290 1 2
2457100.321428 0.000039 0.031434 0.001244 1 2
2457100.321467 0.000039 0.028844 0.001281 1 2
2457100.321506 0.000039 0.029877 0.001383 1 2
2457100.321545 0.000039 0.030193 0.001243 1 2
2457100.321584 0.000039 0.028055 0.001243 1 2
2457100.321623 0.000039 0.030455 0.001289 1 2
2457100.321662 0.000039 0.034268 0.001260 1 2
2457100.321701 0.000039 0.029794 0.001253 1 2
2457100.321740 0.000039 0.031162 0.001393 1 2
2457100.321779 0.000039 0.026308 0.001246 1 2
2457100.321818 0.000039 0.025999 0.001153 1 2
2457100.321857 0.000039 0.024958 0.001370 1 2
2457100.321896 0.000039 0.026707 0.001241 1 2
2457100.321935 0.000039 0.025535 0.001150 1 2
2457100.321974 0.000039 0.025401 0.001374 1 2
2457100.322013 0.000039 0.026666 0.001240 1 2
2457100.322052 0.000039 0.025368 0.001277 1 2
2457100.322091 0.000039 0.029217 0.001207 1 2
2457100.322130 0.000039 0.026340 0.001209 1 2
2457100.322169 0.000039 0.027937 0.001257 1 2
2457100.322208 0.000039 0.027556 0.001205 1 2
2457100.322247 0.000039 0.031141 0.001220 1 2
2457100.322286 0.000039 0.027797 0.001293 1 2
2457100.322325 0.000039 0.028701 0.001225 1 2
2457100.322364 0.000039 0.027768 0.001277 1 2
2457100.322402 0.000039 0.030171 0.001305 1 2
2457100.322441 0.000039 0.030038 0.001290 1 2
2457100.322480 0.000039 0.029452 0.001310 1 2
2457100.322519 0.000039 0.027912 0.001335 1 2
2457100.322558 0.000039 0.029340 0.001260 1 2
2457100.322597 0.000039 0.027058 0.001427 1 2
2457100.322636 0.000039 0.028829 0.001336 1 2
2457100.322675 0.000039 0.030359 0.001218 1 2
2457100.322714 0.000039 0.027299 0.001291 1 2
2457100.322753 0.000039 0.029303 0.001365 1 2
2457100.322792 0.000039 0.027465 0.001442 1 2
2457100.322831 0.000039 0.027175 0.001194 1 2
2457100.322870 0.000039 0.025925 0.001286 1 2
2457100.322909 0.000039 0.025243 0.001163 1 2
2457100.322948 0.000039 0.027330 0.001268 1 2
2457100.322987 0.000039 0.024292 0.001127 1 2
2457100.323025 0.000039 0.026351 0.001169 1 2
2457100.323065 0.000039 0.028172 0.001229 1 2
2457100.323104 0.000039 0.029293 0.001249 1 2
2457100.323143 0.000039 0.027166 0.001197 1 2
2457100.323182 0.000039 0.025357 0.001206 1 2
2457100.323221 0.000039 0.026366 0.001251 1 2
2457100.323260 0.000039 0.026811 0.001297 1 2
2457100.323299 0.000039 0.026783 0.001230 1 2
2457100.323337 0.000039 0.027527 0.001227 1 2
2457100.323377 0.000039 0.028293 0.001230 1 2
2457100.323416 0.000039 0.028274 0.001324 1 2
2457100.323455 0.000039 0.030640 0.001295 1 2
2457100.323494 0.000039 0.029327 0.001340 1 2
2457100.323533 0.000039 0.031627 0.001331 1 2
2457100.323572 0.000039 0.031793 0.001388 1 2
2457100.323610 0.000039 0.029746 0.001234 1 2
2457100.323649 0.000039 0.028151 0.001212 1 2
2457100.323689 0.000039 0.027892 0.001247 1 2
2457100.323728 0.000039 0.027622 0.001288 1 2
2457100.323767 0.000039 0.027440 0.001170 1 2
2457100.323806 0.000039 0.029937 0.001236 1 2
2457100.323844 0.000039 0.031168 0.001319 1 2
2457100.323882 0.000039 0.027207 0.001398 1 2
2457100.323921 0.000039 0.030087 0.001362 1 2
2457100.323960 0.000039 0.028683 0.001271 1 2
2457100.324000 0.000039 0.031489 0.001323 1 2
2457100.324039 0.000039 0.030827 0.001285 1 2
2457100.324078 0.000039 0.029026 0.001258 1 2
2457100.324117 0.000039 0.028262 0.001143 1 2
2457100.324155 0.000039 0.030138 0.001239 1 2
2457100.324194 0.000039 0.030949 0.001324 1 2
2457100.324233 0.000039 0.027600 0.001425 1 2
2457100.324272 0.000039 0.029339 0.001521 1 2
2457100.324312 0.000039 0.030325 0.001474 1 2
2457100.324351 0.000039 0.027594 0.001402 1 2
2457100.324390 0.000039 0.030433 0.001351 1 2
2457100.324428 0.000039 0.029829 0.001231 1 2
2457100.324467 0.000039 0.028991 0.001277 1 2
2457100.324506 0.000039 0.031321 0.001372 1 2
2457100.324545 0.000039 0.031454 0.001395 1 2
2457100.324585 0.000039 0.025822 0.001183 1 2
2457100.324624 0.000039 0.028513 0.001389 1 2
2457100.324663 0.000039 0.029982 0.001323 1 2
2457100.324701 0.000039 0.028416 0.001343 1 2
2457100.324740 0.000039 0.027888 0.001398 1 2
2457100.324779 0.000039 0.030400 0.001469 1 2
2457100.324818 0.000039 0.025601 0.001232 1 2
2457100.324857 0.000039 0.028296 0.001263 1 2
2457100.324897 0.000039 0.029320 0.001341 1 2
2457100.324936 0.000039 0.028344 0.001466 1 2
2457100.324974 0.000039 0.027628 0.001475 1 2
2457100.325013 0.000039 0.025821 0.001431 1 2
2457100.325052 0.000039 0.025577 0.001290 1 2
2457100.325091 0.000039 0.026090 0.001333 1 2
2457100.325130 0.000039 0.032033 0.001359 1 2
2457100.325169 0.000039 0.029569 0.001388 1 2
2457100.325209 0.000039 0.029005 0.001450 1 2
2457100.325247 0.000039 0.029795 0.001282 1 2
2457100.325285 0.000039 0.028214 0.001229 1 2
2457100.325324 0.000039 0.028807 0.001325 1 2
2457100.325363 0.000039 0.030542 0.001327 1 2
2457100.325402 0.000039 0.028931 0.001220 1 2
2457100.325441 0.000039 0.028188 0.001238 1 2
2457100.325480 0.000039 0.028206 0.001257 1 2
2457100.325519 0.000039 0.027135 0.001226 1 2
2457100.325558 0.000039 0.029891 0.001394 1 2
2457100.325597 0.000039 0.027850 0.001593 1 2
2457100.325636 0.000039 0.030704 0.001229 1 2
2457100.325675 0.000039 0.031237 0.001302 1 2
2457100.325714 0.000039 0.029580 0.001262 1 2
2457100.325753 0.000039 0.030484 0.001387 1 2
2457100.325792 0.000039 0.032400 0.001310 1 2
2457100.325831 0.000039 0.028210 0.001316 1 2
2457100.325870 0.000039 0.030207 0.001323 1 2
2457100.325909 0.000039 0.028452 0.001225 1 2
2457100.325948 0.000039 0.029820 0.001261 1 2
2457100.325987 0.000039 0.027434 0.001252 1 2
2457100.326026 0.000039 0.029594 0.001253 1 2
2457100.326065 0.000039 0.025702 0.001132 1 2
2457100.326104 0.000039 0.028975 0.001399 1 2
2457100.326143 0.000039 0.026883 0.001177 1 2
2457100.326182 0.000039 0.028741 0.001220 1 2
2457100.326221 0.000039 0.028141 0.001187 1 2
2457100.326260 0.000039 0.030053 0.001268 1 2
2457100.326299 0.000039 0.028795 0.001203 1 2
2457100.326338 0.000039 0.032965 0.001523 1 2
2457100.326377 0.000039 0.031696 0.001273 1 2
2457100.326416 0.000039 0.029497 0.001186 1 2
2457100.326455 0.000039 0.027765 0.001235 1 2
2457100.326494 0.000039 0.030661 0.001232 1 2
2457100.326533 0.000039 0.026640 0.001184 1 2
2457100.326572 0.000039 0.027433 0.001257 1 2
2457100.326611 0.000039 0.030615 0.001412 1 2
2457100.326650 0.000039 0.028330 0.001326 1 2
2457100.326689 0.000039 0.030855 0.001289 1 2
2457100.326727 0.000039 0.029166 0.001263 1 2
2457100.326766 0.000039 0.027919 0.001160 1 2
2457100.326805 0.000039 0.029871 0.001325 1 2
2457100.326844 0.000039 0.029670 0.001264 1 2
2457100.326883 0.000039 0.028171 0.001197 1 2
2457100.326922 0.000039 0.025880 0.001154 1 2
2457100.326961 0.000039 0.027423 0.001145 1 2
2457100.327000 0.000039 0.028709 0.001190 1 2
2457100.327039 0.000039 0.027422 0.001200 1 2
2457100.327078 0.000039 0.026041 0.001101 1 2
2457100.327117 0.000039 0.028250 0.001165 1 2
2457100.327156 0.000039 0.026425 0.001163 1 2
2457100.327195 0.000039 0.027067 0.001191 1 2
2457100.327234 0.000039 0.029073 0.001369 1 2
2457100.327273 0.000039 0.028195 0.001245 1 2
2457100.327312 0.000039 0.025985 0.001161 1 2
2457100.327351 0.000039 0.027726 0.001251 1 2
2457100.327390 0.000039 0.028002 0.001302 1 2
2457100.327429 0.000039 0.025081 0.001149 1 2
2457100.327468 0.000039 0.025719 0.001312 1 2
2457100.327507 0.000039 0.024500 0.001134 1 2
2457100.327546 0.000039 0.025339 0.001126 1 2
2457100.327585 0.000039 0.026282 0.001217 1 2
2457100.327624 0.000039 0.026646 0.001194 1 2
2457100.327663 0.000039 0.026141 0.001288 1 2
2457100.327702 0.000039 0.024872 0.001291 1 2
2457100.327741 0.000039 0.024138 0.001207 1 2
2457100.327780 0.000039 0.026190 0.001388 1 2
2457100.327819 0.000039 0.023306 0.001133 1 2
2457100.327858 0.000039 0.027359 0.001200 1 2
2457100.327897 0.000039 0.026960 0.001244 1 2
2457100.327936 0.000039 0.027686 0.001432 1 2
2457100.327975 0.000039 0.027951 0.001464 1 2
2457100.328014 0.000039 0.025630 0.001131 1 2
2457100.328053 0.000039 0.027283 0.001215 1 2
2457100.328092 0.000039 0.027886 0.001271 1 2
2457100.328131 0.000039 0.027519 0.001207 1 2
2457100.328169 0.000039 0.026548 0.001242 1 2
2457100.328208 0.000039 0.025845 0.001311 1 2
2457100.328247 0.000039 0.026426 0.001285 1 2
2457100.328286 0.000039 0.027846 0.001649 1 2
2457100.328325 0.000039 0.025948 0.001712 1 2
2457100.328364 0.000039 0.025998 0.001694 1 2
2457100.328403 0.000039 0.027423 0.001404 1 2
2457100.328442 0.000039 0.025899 0.001343 1 2
2457100.328481 0.000039 0.025505 0.001179 1 2
2457100.328520 0.000039 0.026238 0.001260 1 2
2457100.328559 0.000039 0.025736 0.001245 1 2
2457100.328598 0.000039 0.026649 0.001256 1 2
2457100.328637 0.000039 0.025444 0.001294 1 2
2457100.328676 0.000039 0.026137 0.001394 1 2
2457100.328715 0.000039 0.025207 0.001430 1 2
2457100.328754 0.000039 0.027447 0.001318 1 2
2457100.328793 0.000039 0.027006 0.001385 1 2
2457100.328832 0.000039 0.026207 0.001308 1 2
2457100.328871 0.000039 0.023810 0.001414 1 2
2457100.328910 0.000039 0.023898 0.001194 1 2
2457100.328949 0.000039 0.026295 0.001367 1 2
2457100.328988 0.000039 0.025739 0.001308 1 2
2457100.329027 0.000039 0.026260 0.001571 1 2
2457100.329066 0.000039 0.025095 0.001246 1 2
2457100.329105 0.000039 0.025539 0.001356 1 2
2457100.329144 0.000039 0.023672 0.001290 1 2
2457100.329183 0.000039 0.026708 0.001309 1 2
2457100.329222 0.000039 0.021381 0.001233 1 2
2457100.329261 0.000039 0.022975 0.001200 1 2
2457100.329300 0.000039 0.025160 0.001254 1 2
2457100.329339 0.000039 0.022510 0.001175 1 2
2457100.329378 0.000039 0.026596 0.001297 1 2
2457100.329417 0.000039 0.027966 0.001372 1 2
2457100.329456 0.000039 0.023342 0.001136 1 2
2457100.329495 0.000039 0.024956 0.001275 1 2
2457100.329534 0.000039 0.025544 0.001293 1 2
2457100.329573 0.000039 0.022110 0.001436 1 2
2457100.329611 0.000039 0.024931 0.001230 1 2
2457100.329650 0.000039 0.024199 0.001136 1 2
2457100.329689 0.000039 0.025334 0.001382 1 2
2457100.329728 0.000039 0.025640 0.001218 1 2
2457100.329767 0.000039 0.025206 0.001259 1 2
2457100.329806 0.000039 0.020612 0.001233 1 2
2457100.329845 0.000039 0.023488 0.001207 1 2
2457100.329884 0.000039 0.023619 0.001195 1 2
2457100.329923 0.000039 0.022750 0.001215 1 2
2457100.329962 0.000039 0.025597 0.001310 1 2
2457100.330001 0.000039 0.024664 0.001251 1 2
2457100.330040 0.000039 0.022300 0.001279 1 2
2457100.330079 0.000039 0.024765 0.001371 1 2
2457100.330118 0.000039 0.024256 0.001177 1 2
2457100.330157 0.000039 0.020045 0.001159 1 2
2457100.330196 0.000039 0.027041 0.001234 1 2
2457100.330235 0.000039 0.021636 0.001107 1 2
2457100.330274 0.000039 0.021770 0.001186 1 2
2457100.330313 0.000039 0.024496 0.001170 1 2
2457100.330352 0.000039 0.027785 0.001464 1 2
2457100.330391 0.000039 0.026916 0.001250 1 2
2457100.330430 0.000039 0.024791 0.001258 1 2
2457100.330469 0.000039 0.025024 0.001160 1 2
2457100.330508 0.000039 0.022039 0.001084 1 2
2457100.330547 0.000039 0.027157 0.001186 1 2
2457100.330586 0.000039 0.024734 0.001237 1 2
2457100.330625 0.000039 0.023983 0.001163 1 2
2457100.330664 0.000039 0.025294 0.001167 1 2
2457100.330703 0.000039 0.025386 0.001124 1 2
2457100.330742 0.000039 0.023478 0.001280 1 2
2457100.330781 0.000039 0.023602 0.001218 1 2
2457100.330820 0.000039 0.027027 0.001206 1 2
2457100.330859 0.000039 0.023722 0.001285 1 2
2457100.330898 0.000039 0.025047 0.001256 1 2
2457100.330937 0.000039 0.025591 0.001229 1 2
2457100.330976 0.000039 0.022622 0.001182 1 2
2457100.331015 0.000039 0.021709 0.001213 1 2
2457100.331053 0.000039 0.024137 0.001128 1 2
2457100.331092 0.000039 0.023412 0.001165 1 2
2457100.331131 0.000039 0.022027 0.001273 1 2
2457100.331170 0.000039 0.024655 0.001146 1 2
2457100.331209 0.000039 0.022442 0.001167 1 2
2457100.331248 0.000039 0.022003 0.001197 1 2
2457100.331287 0.000039 0.023952 0.001220 1 2
2457100.331326 0.000039 0.021409 0.001124 1 2
2457100.331365 0.000039 0.023854 0.001224 1 2
2457100.331404 0.000039 0.023997 0.001223 1 2
2457100.331443 0.000039 0.023045 0.001210 1 2
2457100.331482 0.000039 0.023459 0.001254 1 2
2457100.331521 0.000039 0.021315 0.001276 1 2
2457100.331560 0.000039 0.024873 0.001242 1 2
2457100.331599 0.000039 0.023314 0.001159 1 2
2457100.331638 0.000039 0.021636 0.001093 1 2
2457100.331677 0.000039 0.023234 0.001155 1 2
2457100.331716 0.000039 0.024192 0.001270 1 2
2457100.331755 0.000039 0.023819 0.001206 1 2
2457100.331794 0.000039 0.022987 0.001168 1 2
2457100.331833 0.000039 0.022432 0.001175 1 2
2457100.331872 0.000039 0.022822 0.001354 1 2
2457100.331911 0.000039 0.024098 0.001308 1 2
2457100.331950 0.000039 0.021879 0.001106 1 2
2457100.331989 0.000039 0.021282 0.001075 1 2
2457100.332028 0.000039 0.024465 0.001312 1 2
2457100.332067 0.000039 0.022953 0.001228 1 2
2457100.332106 0.000039 0.020543 0.001089 1 2
2457100.332145 0.000039 0.023011 0.001166 1 2
2457100.332184 0.000039 0.025408 0.001401 1 2
2457100.332223 0.000039 0.023308 0.001507 1 2
2457100.332262 0.000039 0.021204 0.001476 1 2
2457100.332301 0.000039 0.022895 0.001357 1 2
2457100.332340 0.000039 0.023510 0.001411 1 2
2457100.332379 0.000039 0.022383 0.001300 1 2
2457100.332418 0.000039 0.019390 0.001173 1 2
2457100.332457 0.000039 0.024588 0.001178 1 2
2457100.332495 0.000039 0.023755 0.001200 1 2
2457100.332534 0.000039 0.020116 0.001134 1 2
2457100.332573 0.000039 0.022050 0.001239 1 2
2457100.332612 0.000039 0.021129 0.001160 1 2
2457100.332651 0.000039 0.020302 0.001160 1 2
2457100.332690 0.000039 0.022524 0.001219 1 2
2457100.332729 0.000039 0.022219 0.001215 1 2
2457100.332768 0.000039 0.023874 0.001272 1 2
2457100.332807 0.000039 0.026333 0.001282 1 2
2457100.332846 0.000039 0.023423 0.001222 1 2
2457100.332885 0.000039 0.021154 0.001174 1 2
2457100.332924 0.000039 0.023917 0.001136 1 2
2457100.332963 0.000039 0.020387 0.001157 1 2
2457100.333002 0.000039 0.024508 0.001286 1 2
2457100.333041 0.000039 0.023893 0.001141 1 2
2457100.333080 0.000039 0.023595 0.001196 1 2
2457100.333119 0.000039 0.023478 0.001340 1 2
2457100.333158 0.000039 0.023991 0.001252 1 2
2457100.333197 0.000039 0.022063 0.001183 1 2
2457100.333236 0.000039 0.022083 0.001157 1 2
2457100.333275 0.000039 0.021413 0.001131 1 2
2457100.333314 0.000039 0.022964 0.001216 1 2
2457100.333353 0.000039 0.022173 0.001161 1 2
2457100.333392 0.000039 0.022085 0.001192 1 2
2457100.333431 0.000039 0.021385 0.001227 1 2
2457100.333470 0.000039 0.023752 0.001240 1 2
2457100.333509 0.000039 0.021789 0.001161 1 2
2457100.333548 0.000039 0.025853 0.001258 1 2
2457100.333587 0.000039 0.023808 0.001090 1 2
2457100.333626 0.000039 0.021542 0.001111 1 2
2457100.333665 0.000039 0.020564 0.001135 1 2
2457100.333704 0.000039 0.021774 0.001171 1 2
2457100.333743 0.000039 0.022993 0.001226 1 2
2457100.333782 0.000039 0.024346 0.001204 1 2
2457100.333821 0.000039 0.022609 0.001162 1 2
2457100.333860 0.000039 0.021265 0.001163 1 2
2457100.333899 0.000039 0.023500 0.001300 1 2
2457100.333937 0.000039 0.022603 0.001125 1 2
2457100.333976 0.000039 0.023732 0.001183 1 2
2457100.334015 0.000039 0.019997 0.001206 1 2
2457100.334054 0.000039 0.022640 0.001180 1 2
2457100.334093 0.000039 0.021634 0.001161 1 2
2457100.334132 0.000039 0.021802 0.001188 1 2
2457100.334171 0.000039 0.022311 0.001138 1 2
2457100.334210 0.000039 0.021856 0.001107 1 2
2457100.334249 0.000039 0.022972 0.001178 1 2
2457100.334288 0.000039 0.022087 0.001203 1 2
2457100.334327 0.000039 0.022267 0.001306 1 2
2457100.334366 0.000039 0.023481 0.001361 1 2
2457100.334405 0.000039 0.020506 0.001289 1 2
2457100.334444 0.000039 0.022342 0.001342 1 2
2457100.334483 0.000039 0.022602 0.001283 1 2
2457100.334522 0.000039 0.024329 0.001398 1 2
2457100.334561 0.000039 0.024949 0.001290 1 2
2457100.334600 0.000039 0.022063 0.001338 1 2
2457100.334639 0.000039 0.025879 0.001409 1 2
2457100.334678 0.000039 0.024758 0.001280 1 2
2457100.334717 0.000039 0.020177 0.001134 1 2
2457100.334756 0.000039 0.022898 0.001207 1 2
2457100.334795 0.000039 0.021368 0.001214 1 2
2457100.334834 0.000039 0.021998 0.001156 1 2
2457100.334873 0.000039 0.020767 0.001302 1 2
2457100.334912 0.000039 0.022029 0.001247 1 2
2457100.334951 0.000039 0.020805 0.001155 1 2
2457100.334990 0.000039 0.021224 0.001163 1 2
2457100.335029 0.000039 0.020905 0.001248 1 2
2457100.335068 0.000039 0.021507 0.001249 1 2
2457100.335107 0.000039 0.021321 0.001253 1 2
2457100.335146 0.000039 0.022396 0.001372 1 2
2457100.335185 0.000039 0.025141 0.001435 1 2
2457100.335224 0.000039 0.022358 0.001480 1 2
2457100.335263 0.000039 0.025765 0.001599 1 2
2457100.335302 0.000039 0.022929 0.001459 1 2
2457100.335341 0.000039 0.021015 0.001469 1 2
2457100.335379 0.000039 0.024003 0.001500 1 2
2457100.335418 0.000039 0.024154 0.001382 1 2
2457100.335457 0.000039 0.021408 0.001272 1 2
2457100.335496 0.000039 0.022537 0.001503 1 2
2457100.335535 0.000039 0.024675 0.001293 1 2
2457100.335574 0.000039 0.024070 0.001292 1 2
2457100.335613 0.000039 0.024777 0.001397 1 2
2457100.335652 0.000039 0.023961 0.001449 1 2
2457100.335691 0.000039 0.021725 0.001231 1 2
2457100.335730 0.000039 0.024685 0.001255 1 2
2457100.335769 0.000039 0.024365 0.001523 1 2
2457100.335808 0.000039 0.023633 0.001363 1 2
2457100.335847 0.000039 0.025194 0.001363 1 2
2457100.335886 0.000039 0.022805 0.001287 1 2
2457100.335925 0.000039 0.021815 0.001340 1 2
2457100.335964 0.000039 0.025329 0.001435 1 2
2457100.336003 0.000039 0.021304 0.001419 1 2
2457100.336042 0.000039 0.019861 0.001401 1 2
2457100.336081 0.000039 0.023295 0.001548 1 2
2457100.336120 0.000039 0.025239 0.001443 1 2
2457100.336159 0.000039 0.022149 0.001401 1 2
2457100.336198 0.000039 0.021872 0.001209 1 2
2457100.336237 0.000039 0.023185 0.001150 1 2
2457100.336276 0.000039 0.020602 0.001359 1 2
2457100.336315 0.000039 0.022162 0.001369 1 2
2457100.336354 0.000039 0.024259 0.001545 1 2
2457100.336393 0.000039 0.021677 0.001374 1 2
2457100.336432 0.000039 0.025927 0.001293 1 2
2457100.336471 0.000039 0.023378 0.001408 1 2
2457100.336510 0.000039 0.022921 0.001664 1 2
2457100.336549 0.000039 0.022252 0.001547 1 2
2457100.336588 0.000039 0.020729 0.001517 1 2
2457100.336627 0.000039 0.023881 0.001557 1 2
2457100.336666 0.000039 0.023936 0.001374 1 2
2457100.336705 0.000039 0.021124 0.001406 1 2
2457100.336744 0.000039 0.025584 0.001380 1 2
2457100.336783 0.000039 0.024112 0.001296 1 2
2457100.336821 0.000039 0.023984 0.001238 1 2
2457100.336860 0.000039 0.027271 0.001534 1 2
2457100.336899 0.000039 0.026355 0.001437 1 2
2457100.336938 0.000039 0.023303 0.001368 1 2
2457100.336977 0.000039 0.025062 0.001258 1 2
2457100.337016 0.000039 0.022125 0.001234 1 2
2457100.337055 0.000039 0.022547 0.001383 1 2
2457100.337094 0.000039 0.023680 0.001274 1 2
2457100.337133 0.000039 0.024027 0.001311 1 2
2457100.337172 0.000039 0.023894 0.001245 1 2
2457100.337211 0.000039 0.024322 0.001260 1 2
2457100.337250 0.000039 0.021408 0.001349 1 2
2457100.337289 0.000039 0.024783 0.001360 1 2
2457100.337328 0.000039 0.021252 0.001325 1 2
2457100.337367 0.000039 0.018776 0.001523 1 2
2457100.337406 0.000039 0.017308 0.001126 1 2
2457100.337445 0.000039 0.015924 0.001118 1 2
2457100.337484 0.000039 0.011265 0.001148 1 2
2457100.337523 0.000039 0.007144 0.001036 1 2
2457100.337562 0.000039 0.006565 0.000994 1 2
2457100.337601 0.000039 0.005396 0.001076 1 2
2457100.337640 0.000039 0.004864 0.001044 1 2
2457100.337679 0.000039 0.002477 0.001069 1 2
2457100.337718 0.000039 0.001410 0.001008 1 2
2457100.337757 0.000039 0.000542 0.001036 1 2
2457100.337796 0.000039 0.001390 0.001158 1 2
2457100.337835 0.000039 0.001793 0.001244 1 2
2457100.337874 0.000039 0.002981 0.001113 1 2
2457100.337913 0.000039 -0.000542 -0.001208 1 2
2457100.337952 0.000039 0.002134 0.001103 1 2
2457100.337991 0.000039 0.001707 0.001109 1 2
2457100.338030 0.000039 0.001432 0.001141 1 2
2457100.338069 0.000039 0.000580 0.001130 1 2
2457100.338108 0.000039 0.003539 0.001090 1 2
2457100.338147 0.000039 0.001444 0.001000 1 2
2457100.338186 0.000039 0.000325 0.001154 1 2
2457100.338225 0.000039 0.001708 0.001199 1 2
2457100.338263 0.000039 0.003420 0.001323 1 2
2457100.338302 0.000039 0.002125 0.001167 1 2
2457100.338341 0.000039 0.001339 0.001115 1 2
2457100.338380 0.000039 0.001314 0.001031 1 2
2457100.338419 0.000039 0.001946 0.001042 1 2
2457100.338458 0.000039 0.001436 0.001183 1 2
2457100.338497 0.000039 0.000606 0.001244 1 2
2457100.338536 0.000039 0.001337 0.001308 1 2
2457100.338575 0.000039 0.000572 0.001240 1 2
2457100.338614 0.000039 0.000118 0.000993 1 2
2457100.338653 0.000039 -0.000538 -0.001251 1 2
2457100.338692 0.000039 0.001296 0.001315 1 2
2457100.338731 0.000039 -0.000594 -0.001018 1 2
2457100.338770 0.000039 0.000920 0.001053 1 2
2457100.338809 0.000039 0.000693 0.001145 1 2
2457100.338848 0.000039 0.002937 0.001089 1 2
2457100.338887 0.000039 -0.000131 -0.001109 1 2
2457100.338926 0.000039 0.002533 0.001066 1 2
2457100.338965 0.000039 0.001800 0.001082 1 2
2457100.339004 0.000039 -0.000564 -0.000976 1 2
2457100.339043 0.000039 -0.000478 -0.001070 1 2
2457100.339082 0.000039 0.002057 0.001107 1 2
2457100.339121 0.000039 0.000412 0.001257 1 2
2457100.339160 0.000039 0.000641 0.001090 1 2
2457100.339199 0.000039 -0.001148 -0.001052 1 2
2457100.339238 0.000039 0.002692 0.001196 1 2
2457100.339277 0.000039 0.001486 0.001287 1 2
2457100.339316 0.000039 0.000723 0.001090 1 2
2457100.339355 0.000039 0.000142 0.001114 1 2
2457100.339394 0.000039 -0.000038 -0.001344 1 2
2457100.339433 0.000039 0.001417 0.001220 1 2
2457100.339472 0.000039 0.000784 0.001187 1 2
2457100.339511 0.000039 0.002889 0.001310 1 2
2457100.339550 0.000039 0.000119 0.001272 1 2
2457100.339589 0.000039 0.003710 0.001465 1 2
2457100.339628 0.000039 0.001556 0.001343 1 2
2457100.339667 0.000039 0.002225 0.001320 1 2
2457100.339705 0.000039 0.002930 0.001179 1 2
2457100.339744 0.000039 0.003559 0.001149 1 2
2457100.339783 0.000039 0.004552 0.001105 1 2
2457100.339822 0.000039 0.003793 0.001306 1 2
2457100.339861 0.000039 0.005201 0.001178 1 2
2457100.339900 0.000039 0.006315 0.001316 1 2
2457100.339939 0.000039 0.008853 0.001319 1 2
2457100.339978 0.000039 0.006912 0.001158 1 2
2457100.340017 0.000039 0.011462 0.001276 1 2
2457100.340056 0.000039 0.014520 0.001208 1 2
2457100.340095 0.000039 0.016300 0.001332 1 2
2457100.340134 0.000039 0.020302 0.001308 1 2
2457100.340173 0.000039 0.021191 0.001295 1 2
2457100.340212 0.000039 0.019683 0.001274 1 2
2457100.340251 0.000039 0.020271 0.001269 1 2
2457100.340290 0.000039 0.021261 0.001347 1 2
2457100.340329 0.000039 0.018181 0.001263 1 2
2457100.340368 0.000039 0.020750 0.001241 1 2
2457100.340407 0.000039 0.019481 0.001190 1 2
2457100.340446 0.000039 0.022804 0.001245 1 2
2457100.340485 0.000039 0.020586 0.001270 1 2
2457100.340524 0.000039 0.019585 0.001267 1 2
2457100.340563 0.000039 0.020209 0.001229 1 2
2457100.340602 0.000039 0.020584 0.001192 1 2
2457100.340641 0.000039 0.019075 0.001303 1 2
2457100.340680 0.000039 0.022515 0.001339 1 2
2457100.340719 0.000039 0.020726 0.001409 1 2
2457100.340758 0.000039 0.021275 0.001519 1 2
2457100.340797 0.000039 0.020083 0.001477 1 2
2457100.340836 0.000039 0.020589 0.001572 1 2
2457100.340875 0.000039 0.021761 0.001320 1 2
2457100.340914 0.000039 0.020540 0.001259 1 2
2457100.340953 0.000039 0.023602 0.001396 1 2
2457100.340992 0.000039 0.022706 0.001282 1 2
2457100.341031 0.000039 0.024555 0.001238 1 2
2457100.341070 0.000039 0.024230 0.001334 1 2
2457100.341109 0.000039 0.022538 0.001305 1 2
2457100.341147 0.000039 0.024185 0.001238 1 2
2457100.341186 0.000039 0.021834 0.001277 1 2
2457100.341225 0.000039 0.023856 0.001232 1 2
2457100.341264 0.000039 0.022488 0.001268 1 2
2457100.341303 0.000039 0.022802 0.001387 1 2
2457100.341342 0.000039 0.024838 0.001313 1 2
2457100.341381 0.000039 0.025443 0.001242 1 2
2457100.341420 0.000039 0.025560 0.001161 1 2
2457100.341459 0.000039 0.024156 0.001221 1 2
2457100.341498 0.000039 0.024585 0.001212 1 2
2457100.341537 0.000039 0.022094 0.001157 1 2
2457100.341576 0.000039 0.023109 0.001233 1 2
2457100.341615 0.000039 0.023381 0.001375 1 2
2457100.341654 0.000039 0.021337 0.001251 1 2
2457100.341693 0.000039 0.022390 0.001266 1 2
2457100.341732 0.000039 0.021130 0.001169 1 2
2457100.341771 0.000039 0.021875 0.001336 1 2
2457100.341810 0.000039 0.021214 0.001402 1 2
2457100.341849 0.000039 0.021948 0.001255 1 2
2457100.341888 0.000039 0.022175 0.001265 1 2
2457100.341927 0.000039 0.019439 0.001325 1 2
2457100.341966 0.000039 0.023488 0.001327 1 2
2457100.342005 0.000039 0.021741 0.001223 1 2
2457100.342044 0.000039 0.023425 0.001213 1 2
2457100.342083 0.000039 0.018962 0.001329 1 2
2457100.342122 0.000039 0.022955 0.001504 1 2
2457100.342161 0.000039 0.023658 0.001662 1 2
2457100.342200 0.000039 0.025435 0.001704 1 2
2457100.342239 0.000039 0.023645 0.001507 1 2
2457100.342278 0.000039 0.024440 0.001796 1 2
2457100.342317 0.000039 0.022067 0.001509 1 2
2457100.342356 0.000039 0.020462 0.001453 1 2
2457100.342395 0.000039 0.023111 0.001449 1 2
2457100.342434 0.000039 0.018649 0.001387 1 2
2457100.342473 0.000039 0.021685 0.001367 1 2
2457100.342512 0.000039 0.019750 0.001327 1 2
2457100.342551 0.000039 0.024279 0.001485 1 2
2457100.342589 0.000039 0.023013 0.001335 1 2
2457100.342628 0.000039 0.022700 0.001260 1 2
2457100.342667 0.000039 0.021171 0.001382 1 2
2457100.342706 0.000039 0.022595 0.001344 1 2
2457100.342745 0.000039 0.020701 0.001232 1 2
2457100.342784 0.000039 0.020676 0.001177 1 2
2457100.342823 0.000039 0.022090 0.001199 1 2
2457100.342862 0.000039 0.020711 0.001203 1 2
2457100.342901 0.000039 0.016883 0.001220 1 2
2457100.342940 0.000039 0.021108 0.001417 1 2
2457100.342979 0.000039 0.023330 0.001376 1 2
2457100.343018 0.000039 0.023063 0.001347 1 2
2457100.343057 0.000039 0.023320 0.001194 1 2
2457100.343096 0.000039 0.019705 0.001224 1 2
2457100.343135 0.000039 0.022868 0.001245 1 2
2457100.343174 0.000039 0.020891 0.001219 1 2
2457100.343213 0.000039 0.022271 0.001234 1 2
2457100.343252 0.000039 0.022742 0.001292 1 2
2457100.343291 0.000039 0.022177 0.001263 1 2
2457100.343330 0.000039 0.023411 0.001405 1 2
2457100.343369 0.000039 0.023234 0.001501 1 2
2457100.343408 0.000039 0.021483 0.001315 1 2
2457100.343447 0.000039 0.022478 0.001422 1 2
2457100.343486 0.000039 0.021393 0.001357 1 2
2457100.343525 0.000039 0.019779 0.001335 1 2
2457100.343564 0.000039 0.021537 0.001288 1 2
2457100.343603 0.000039 0.018597 0.001214 1 2
2457100.343642 0.000039 0.021676 0.001310 1 2
2457100.343681 0.000039 0.018938 0.001298 1 2
2457100.343720 0.000039 0.022328 0.001482 1 2
2457100.343759 0.000039 0.018637 0.001332 1 2
2457100.343798 0.000039 0.020852 0.001300 1 2
2457100.343837 0.000039 0.020635 0.001169 1 2
2457100.343876 0.000039 0.021608 0.001233 1 2
2457100.343915 0.000039 0.024348 0.001214 1 2
2457100.343954 0.000039 0.021976 0.001223 1 2
2457100.343993 0.000039 0.018037 0.001114 1 2
2457100.344031 0.000039 0.019199 0.001365 1 2
2457100.344070 0.000039 0.024070 0.001560 1 2
2457100.344109 0.000039 0.022485 0.001376 1 2
2457100.344148 0.000039 0.021786 0.001256 1 2
2457100.344187 0.000039 0.022323 0.001292 1 2
2457100.344226 0.000039 0.019116 0.001167 1 2
2457100.344265 0.000039 0.022035 0.001305 1 2
2457100.344304 0.000039 0.021554 0.001225 1 2
2457100.344343 0.000039 0.021212 0.001275 1 2
2457100.344382 0.000039 0.023237 0.001278 1 2
2457100.344421 0.000039 0.021003 0.001227 1 2
2457100.344460 0.000039 0.021400 0.001238 1 2
2457100.344499 0.000039 0.021643 0.001250 1 2
2457100.344538 0.000039 0.021532 0.001278 1 2
2457100.344577 0.000039 0.022984 0.001253 1 2
2457100.344616 0.000039 0.021703 0.001210 1 2
2457100.344655 0.000039 0.022469 0.001254 1 2
2457100.344694 0.000039 0.020510 0.001219 1 2
2457100.344733 0.000039 0.021371 0.001313 1 2
2457100.344772 0.000039 0.022575 0.001259 1 2
2457100.344811 0.000039 0.019084 0.001161 1 2
2457100.344850 0.000039 0.021372 0.001171 1 2
2457100.344889 0.000039 0.021527 0.001163 1 2
2457100.344928 0.000039 0.021190 0.001236 1 2
2457100.344967 0.000039 0.024582 0.001274 1 2
2457100.345006 0.000039 0.018867 0.001251 1 2
2457100.345045 0.000039 0.021944 0.001278 1 2
2457100.345084 0.000039 0.020350 0.001206 1 2
2457100.345123 0.000039 0.023567 0.001213 1 2
2457100.345162 0.000039 0.022242 0.001185 1 2
2457100.345201 0.000039 0.023078 0.001171 1 2
2457100.345240 0.000039 0.019987 0.001195 1 2
2457100.345279 0.000039 0.021341 0.001210 1 2
2457100.345318 0.000039 0.021312 0.001134 1 2
2457100.345357 0.000039 0.022230 0.001334 1 2
2457100.345396 0.000039 0.020330 0.001236 1 2
2457100.345435 0.000039 0.020485 0.001180 1 2
2457100.345473 0.000039 0.020779 0.001170 1 2
2457100.345512 0.000039 0.022079 0.001258 1 2
2457100.345551 0.000039 0.020556 0.001303 1 2
2457100.345590 0.000039 0.023850 0.001367 1 2
2457100.345629 0.000039 0.021300 0.001292 1 2
2457100.345668 0.000039 0.021020 0.001427 1 2
2457100.345707 0.000039 0.019807 0.001411 1 2
2457100.345746 0.000039 0.020801 0.001338 1 2
2457100.345785 0.000039 0.018907 0.001263 1 2
2457100.345824 0.000039 0.018475 0.001436 1 2
2457100.345863 0.000039 0.020117 0.001283 1 2
2457100.345902 0.000039 0.022477 0.001411 1 2
2457100.345941 0.000039 0.019853 0.001222 1 2
2457100.345980 0.000039 0.019287 0.001266 1 2
2457100.346019 0.000039 0.018688 0.001201 1 2
2457100.346058 0.000039 0.020970 0.001202 1 2
2457100.346097 0.000039 0.020824 0.001272 1 2
2457100.346136 0.000039 0.021078 0.001261 1 2
2457100.346175 0.000039 0.020139 0.001302 1 2
2457100.346214 0.000039 0.020089 0.001297 1 2
2457100.346253 0.000039 0.020392 0.001328 1 2
2457100.346292 0.000039 0.018317 0.001426 1 2
2457100.346331 0.000039 0.020037 0.001210 1 2
2457100.346370 0.000039 0.018933 0.001225 1 2
2457100.346409 0.000039 0.018439 0.001211 1 2
2457100.346448 0.000039 0.019654 0.001281 1 2
2457100.346487 0.000039 0.020390 0.001283 1 2
2457100.346526 0.000039 0.019416 0.001273 1 2
2457100.346565 0.000039 0.021685 0.001255 1 2
2457100.346604 0.000039 0.017919 0.001333 1 2
2457100.346643 0.000039 0.019256 0.001356 1 2
2457100.346682 0.000039 0.021852 0.001493 1 2
2457100.346721 0.000039 0.022100 0.001396 1 2
2457100.346760 0.000039 0.022214 0.001281 1 2
2457100.346799 0.000039 0.018138 0.001245 1 2
2457100.346838 0.000039 0.021538 0.001249 1 2
2457100.346877 0.000039 0.020534 0.001248 1 2
2457100.346915 0.000039 0.024515 0.001261 1 2
2457100.346954 0.000039 0.020812 0.001240 1 2
2457100.346993 0.000039 0.022206 0.001240 1 2
2457100.347032 0.000039 0.021816 0.001358 1 2
2457100.347071 0.000039 0.021424 0.001327 1 2
2457100.347110 0.000039 0.020297 0.001227 1 2
2457100.347149 0.000039 0.020912 0.001142 1 2
2457100.347188 0.000039 0.022906 0.001209 1 2
2457100.347227 0.000039 0.019711 0.001273 1 2
2457100.347266 0.000039 0.020848 0.001193 1 2
2457100.347305 0.000039 0.019478 0.001119 1 2
2457100.347344 0.000039 0.019457 0.001123 1 2
2457100.347383 0.000039 0.020253 0.001136 1 2
2457100.347422 0.000039 0.020678 0.001222 1 2
2457100.347461 0.000039 0.020342 0.001198 1 2
2457100.347500 0.000039 0.019202 0.001224 1 2
2457100.347539 0.000039 0.018680 0.001155 1 2
2457100.347578 0.000039 0.020957 0.001237 1 2
2457100.347617 0.000039 0.021510 0.001158 1 2
2457100.347656 0.000039 0.019831 0.001125 1 2
2457100.347695 0.000039 0.019730 0.001166 1 2
2457100.347734 0.000039 0.020326 0.001141 1 2
2457100.347773 0.000039 0.020103 0.001134 1 2
2457100.347812 0.000039 0.019088 0.001222 1 2
2457100.347851 0.000039 0.021565 0.001219 1 2
2457100.347890 0.000039 0.019591 0.001141 1 2
2457100.347929 0.000039 0.018635 0.001205 1 2
2457100.347968 0.000039 0.019424 0.001140 1 2
2457100.348007 0.000039 0.019596 0.001117 1 2
2457100.348046 0.000039 0.021173 0.001314 1 2
2457100.348085 0.000039 0.022324 0.001295 1 2
2457100.348124 0.000039 0.019808 0.001213 1 2
2457100.348163 0.000039 0.019549 0.001239 1 2
2457100.348202 0.000039 0.019290 0.001299 1 2
2457100.348241 0.000039 0.018278 0.001301 1 2
2457100.348280 0.000039 0.021745 0.001501 1 2
2457100.348319 0.000039 0.019133 0.001307 1 2
2457100.348357 0.000039 0.019020 0.001242 1 2
2457100.348396 0.000039 0.019697 0.001193 1 2
2457100.348435 0.000039 0.021452 0.001273 1 2
2457100.348474 0.000039 0.017273 0.001204 1 2
2457100.348513 0.000039 0.019647 0.001309 1 2
2457100.348552 0.000039 0.020704 0.001232 1 2
2457100.348591 0.000039 0.019602 0.001261 1 2
2457100.348630 0.000039 0.020921 0.001218 1 2
2457100.348669 0.000039 0.020145 0.001230 1 2
2457100.348708 0.000039 0.017977 0.001349 1 2
2457100.348747 0.000039 0.022066 0.001302 1 2
2457100.348786 0.000039 0.018837 0.001220 1 2
2457100.348825 0.000039 0.020558 0.001330 1 2
2457100.348864 0.000039 0.021432 0.001399 1 2
2457100.348903 0.000039 0.021767 0.001398 1 2
2457100.348942 0.000039 0.021557 0.001453 1 2
2457100.348981 0.000039 0.019847 0.001637 1 2
2457100.349020 0.000039 0.022279 0.001471 1 2
2457100.349059 0.000039 0.020740 0.001536 1 2
2457100.349098 0.000039 0.018912 0.001392 1 2
2457100.349137 0.000039 0.018736 0.001340 1 2
2457100.349176 0.000039 0.019816 0.001261 1 2
2457100.349215 0.000039 0.020111 0.001210 1 2
2457100.349254 0.000039 0.019608 0.001372 1 2
2457100.349293 0.000039 0.021274 0.001416 1 2
2457100.349332 0.000039 0.018155 0.001220 1 2
2457100.349371 0.000039 0.020236 0.001182 1 2
2457100.349410 0.000039 0.019353 0.001221 1 2
2457100.349449 0.000039 0.018387 0.001182 1 2
2457100.349488 0.000039 0.019075 0.001241 1 2
2457100.349527 0.000039 0.019446 0.001225 1 2
2457100.349566 0.000039 0.020766 0.001151 1 2
2457100.349605 0.000039 0.019736 0.001232 1 2
2457100.349644 0.000039 0.019245 0.001301 1 2
2457100.349683 0.000039 0.018626 0.001282 1 2
2457100.349722 0.000039 0.021428 0.001258 1 2
2457100.349761 0.000039 0.020033 0.001296 1 2
2457100.349799 0.000039 0.019746 0.001256 1 2
2457100.349838 0.000039 0.021125 0.001240 1 2
2457100.349877 0.000039 0.020682 0.001178 1 2
2457100.349916 0.000039 0.019534 0.001183 1 2
2457100.349955 0.000039 0.021309 0.001279 1 2
2457100.349994 0.000039 0.019641 0.001256 1 2
2457100.350033 0.000039 0.019151 0.001243 1 2
2457100.350072 0.000039 0.019822 0.001209 1 2
2457100.350111 0.000039 0.018969 0.001303 1 2
2457100.350150 0.000039 0.020399 0.001281 1 2
2457100.350189 0.000039 0.020173 0.001364 1 2
2457100.350228 0.000039 0.018595 0.001219 1 2
2457100.350267 0.000039 0.020859 0.001249 1 2
2457100.350306 0.000039 0.017180 0.001139 1 2
2457100.350345 0.000039 0.018832 0.001249 1 2
2457100.350384 0.000039 0.020376 0.001356 1 2
2457100.350423 0.000039 0.018666 0.001363 1 2
2457100.350462 0.000039 0.019218 0.001419 1 2
2457100.350501 0.000039 0.019311 0.001299 1 2
2457100.350540 0.000039 0.021259 0.001312 1 2
2457100.350579 0.000039 0.018451 0.001278 1 2
2457100.350618 0.000039 0.017367 0.001283 1 2
2457100.350657 0.000039 0.016526 0.001198 1 2
2457100.350696 0.000039 0.018125 0.001218 1 2
2457100.350735 0.000039 0.018036 0.001180 1 2
2457100.350774 0.000039 0.017191 0.001141 1 2
2457100.350813 0.000039 0.014968 0.001177 1 2
2457100.350852 0.000039 0.020573 0.001364 1 2
2457100.350891 0.000039 0.020716 0.001313 1 2
2457100.350930 0.000039 0.017868 0.001212 1 2
2457100.350969 0.000039 0.019342 0.001223 1 2
2457100.351008 0.000039 0.022028 0.001171 1 2
2457100.351047 0.000039 0.018277 0.001188 1 2
2457100.351086 0.000039 0.018775 0.001204 1 2
2457100.351125 0.000039 0.018760 0.001291 1 2
2457100.351164 0.000039 0.015687 0.001339 1 2
2457100.351203 0.000039 0.018099 0.001328 1 2
2457100.351241 0.000039 0.019649 0.001267 1 2
2457100.351280 0.000039 0.019663 0.001270 1 2
2457100.351319 0.000039 0.018710 0.001223 1 2
2457100.351358 0.000039 0.019767 0.001270 1 2
2457100.351397 0.000039 0.018438 0.001227 1 2
2457100.351436 0.000039 0.017866 0.001270 1 2
2457100.351475 0.000039 0.018039 0.001240 1 2
2457100.351514 0.000039 0.018121 0.001301 1 2
2457100.351553 0.000039 0.018423 0.001283 1 2
2457100.351592 0.000039 0.016827 0.001199 1 2
2457100.351631 0.000039 0.019550 0.001233 1 2
2457100.351670 0.000039 0.020710 0.001146 1 2
2457100.351709 0.000039 0.019320 0.001245 1 2
2457100.351748 0.000039 0.019343 0.001270 1 2
2457100.351787 0.000039 0.019845 0.001390 1 2
2457100.351826 0.000039 0.020292 0.001482 1 2
2457100.351865 0.000039 0.019000 0.001414 1 2
2457100.351904 0.000039 0.020078 0.001270 1 2
2457100.351943 0.000039 0.019472 0.001280 1 2
2457100.351982 0.000039 0.017930 0.001259 1 2
2457100.352021 0.000039 0.017910 0.001462 1 2
2457100.352060 0.000039 0.022471 0.001625 1 2
2457100.352099 0.000039 0.022277 0.002021 1 2
2457100.352138 0.000039 0.020606 0.001859 1 2
2457100.352177 0.000039 0.016673 0.001594 1 2
2457100.352216 0.000039 0.017128 0.001377 1 2
2457100.352255 0.000039 0.018966 0.001353 1 2
2457100.352294 0.000039 0.020439 0.001461 1 2
2457100.352333 0.000039 0.019522 0.001478 1 2
2457100.352372 0.000039 0.020807 0.001354 1 2
2457100.352411 0.000039 0.018309 0.001335 1 2
2457100.352450 0.000039 0.018413 0.001364 1 2
2457100.352489 0.000039 0.020394 0.001325 1 2
2457100.352528 0.000039 0.019674 0.001348 1 2
2457100.352567 0.000039 0.017051 0.001384 1 2
2457100.352606 0.000039 0.018403 0.001251 1 2
2457100.352645 0.000039 0.017824 0.001278 1 2
2457100.352683 0.000039 0.021489 0.001174 1 2
2457100.352722 0.000039 0.020858 0.001144 1 2
2457100.352761 0.000039 0.018276 0.001224 1 2
2457100.352800 0.000039 0.019313 0.001308 1 2
2457100.352839 0.000039 0.020321 0.001459 1 2
2457100.352878 0.000039 0.017908 0.001230 1 2
2457100.352917 0.000039 0.019478 0.001253 1 2
2457100.352956 0.000039 0.019672 0.001427 1 2
2457100.352995 0.000039 0.018878 0.001342 1 2
2457100.353034 0.000039 0.021249 0.001824 1 2
2457100.353073 0.000039 0.015767 0.001495 1 2
2457100.353112 0.000039 0.019307 0.001536 1 2
2457100.353151 0.000039 0.024836 0.001640 1 2
2457100.353190 0.000039 0.017336 0.001416 1 2
2457100.353229 0.000039 0.016909 0.001304 1 2
2457100.353268 0.000039 0.019496 0.001324 1 2
2457100.353307 0.000039 0.016015 0.001194 1 2
2457100.353346 0.000039 0.019964 0.001277 1 2
2457100.353385 0.000039 0.020578 0.001335 1 2
2457100.353424 0.000039 0.018818 0.001271 1 2
2457100.353463 0.000039 0.018080 0.001240 1 2
2457100.353502 0.000039 0.017292 0.001180 1 2
2457100.353541 0.000039 0.020529 0.001237 1 2
2457100.353580 0.000039 0.017744 0.001274 1 2
2457100.353619 0.000039 0.019739 0.001264 1 2
2457100.353658 0.000039 0.018692 0.001175 1 2
2457100.353697 0.000039 0.018197 0.001199 1 2
2457100.353736 0.000039 0.018405 0.001356 1 2
2457100.353775 0.000039 0.018861 0.001264 1 2
2457100.353814 0.000039 0.018582 0.001216 1 2
2457100.353853 0.000039 0.019745 0.001236 1 2
2457100.353892 0.000039 0.020496 0.001218 1 2
2457100.353931 0.000039 0.017887 0.001289 1 2
2457100.353970 0.000039 0.017758 0.001385 1 2
2457100.354009 0.000039 0.020632 0.001656 1 2
2457100.354048 0.000039 0.021724 0.001520 1 2
2457100.354087 0.000039 0.019203 0.001816 1 2
2457100.354125 0.000039 0.017442 0.001591 1 2
2457100.354164 0.000039 0.020440 0.001489 1 2
2457100.354203 0.000039 0.015866 0.001405 1 2
2457100.354242 0.000039 0.019590 0.001400 1 2
2457100.354281 0.000039 0.018474 0.001302 1 2
2457100.354320 0.000039 0.016310 0.001236 1 2
2457100.354359 0.000039 0.020818 0.001440 1 2
2457100.354398 0.000039 0.021100 0.001366 1 2
2457100.354437 0.000039 0.021395 0.001523 1 2
2457100.354476 0.000039 0.019451 0.001352 1 2
2457100.354515 0.000039 0.021095 0.001331 1 2
2457100.354554 0.000039 0.022369 0.001305 1 2
2457100.354593 0.000039 0.018446 0.001260 1 2
2457100.354632 0.000039 0.017638 0.001319 1 2
2457100.354671 0.000039 0.018419 0.001331 1 2
2457100.354710 0.000039 0.020400 0.001346 1 2
2457100.354749 0.000039 0.017500 0.001280 1 2
2457100.354788 0.000039 0.018925 0.001239 1 2
2457100.354827 0.000039 0.018863 0.001362 1 2
2457100.354866 0.000039 0.018857 0.001176 1 2
2457100.354905 0.000039 0.019497 0.001155 1 2
2457100.354944 0.000039 0.022061 0.001263 1 2
2457100.354983 0.000039 0.020596 0.001348 1 2
2457100.355022 0.000039 0.018864 0.001376 1 2
2457100.355061 0.000039 0.020059 0.001356 1 2
2457100.355100 0.000039 0.016151 0.001218 1 2
2457100.355139 0.000039 0.019508 0.001298 1 2
2457100.355178 0.000039 0.017174 0.001243 1 2
2457100.355217 0.000039 0.019910 0.001304 1 2
2457100.355256 0.000039 0.018916 0.001329 1 2
2457100.355295 0.000039 0.020358 0.001361 1 2
2457100.355334 0.000039 0.018771 0.001538 1 2
2457100.355373 0.000039 0.019970 0.001398 1 2
2457100.355412 0.000039 0.017645 0.001321 1 2
2457100.355451 0.000039 0.019404 0.001308 1 2
2457100.355490 0.000039 0.018706 0.001249 1 2
2457100.355529 0.000039 0.019532 0.001383 1 2
2457100.355567 0.000039 0.019674 0.001332 1 2
2457100.355606 0.000039 0.018782 0.001236 1 2
2457100.355645 0.000039 0.017417 0.001239 1 2
2457100.355684 0.000039 0.022125 0.001267 1 2
2457100.355723 0.000039 0.019233 0.001202 1 2
2457100.355762 0.000039 0.020385 0.001396 1 2
2457100.355801 0.000039 0.017330 0.001373 1 2
2457100.355840 0.000039 0.018867 0.001362 1 2
2457100.355879 0.000039 0.019571 0.001341 1 2
2457100.355918 0.000039 0.021495 0.001428 1 2
2457100.355957 0.000039 0.021372 0.001667 1 2
2457100.355996 0.000039 0.020704 0.001319 1 2
2457100.356035 0.000039 0.018278 0.001177 1 2
2457100.356074 0.000039 0.019925 0.001245 1 2
2457100.356113 0.000039 0.019976 0.001306 1 2
2457100.356152 0.000039 0.018089 0.001493 1 2
2457100.356191 0.000039 0.019691 0.001535 1 2
2457100.356230 0.000039 0.017925 0.001557 1 2
2457100.356269 0.000039 0.019421 0.001511 1 2
2457100.356308 0.000039 0.018153 0.001464 1 2
2457100.356347 0.000039 0.017600 0.001432 1 2
2457100.356386 0.000039 0.016057 0.001363 1 2
2457100.356425 0.000039 0.017241 0.001344 1 2
2457100.356464 0.000039 0.023185 0.001338 1 2
2457100.356503 0.000039 0.019012 0.001314 1 2
2457100.356542 0.000039 0.017764 0.001288 1 2
2457100.356581 0.000039 0.019554 0.001369 1 2
2457100.356620 0.000039 0.018987 0.001488 1 2
2457100.356659 0.000039 0.022991 0.001621 1 2
2457100.356698 0.000039 0.019960 0.001565 1 2
2457100.356737 0.000039 0.018949 0.001544 1 2
2457100.356776 0.000039 0.019616 0.001804 1 2
2457100.356815 0.000039 0.018348 0.001667 1 2
2457100.356854 0.000039 0.020105 0.001535 1 2
2457100.356893 0.000039 0.018162 0.001495 1 2
2457100.356932 0.000039 0.017280 0.001486 1 2
2457100.356971 0.000039 0.022307 0.001922 1 2
2457100.357009 0.000039 0.018899 0.001622 1 2
2457100.357048 0.000039 0.022794 0.001348 1 2
2457100.357087 0.000039 0.017831 0.001334 1 2
2457100.357126 0.000039 0.020241 0.001287 1 2
2457100.357165 0.000039 0.017504 0.001205 1 2
2457100.357204 0.000039 0.018427 0.001278 1 2
2457100.357243 0.000039 0.017566 0.001221 1 2
2457100.357282 0.000039 0.019587 0.001282 1 2
2457100.357321 0.000039 0.021904 0.001249 1 2
2457100.357360 0.000039 0.018316 0.001193 1 2
2457100.357399 0.000039 0.015660 0.001240 1 2
2457100.357438 0.000039 0.022706 0.001310 1 2
2457100.357477 0.000039 0.019699 0.001318 1 2
2457100.357516 0.000039 0.019310 0.001290 1 2
2457100.357555 0.000039 0.022922 0.001531 1 2
2457100.357594 0.000039 0.021006 0.001413 1 2
2457100.357633 0.000039 0.019768 0.001243 1 2
2457100.357672 0.000039 0.021410 0.001326 1 2
2457100.357711 0.000039 0.018972 0.001248 1 2
2457100.357750 0.000039 0.017958 0.001190 1 2
2457100.357789 0.000039 0.020784 0.001280 1 2
2457100.357828 0.000039 0.020651 0.001274 1 2
2457100.357867 0.000039 0.021159 0.001222 1 2
2457100.357906 0.000039 0.020742 0.001239 1 2
2457100.357945 0.000039 0.019902 0.001293 1 2
2457100.357984 0.000039 0.020233 0.001269 1 2
2457100.358023 0.000039 0.020257 0.001244 1 2
2457100.358062 0.000039 0.021562 0.001211 1 2
2457100.358101 0.000039 0.018834 0.001287 1 2
2457100.358140 0.000039 0.020371 0.001381 1 2
2457100.358179 0.000039 0.021099 0.001365 1 2
2457100.358218 0.000039 0.019424 0.001469 1 2
2457100.358257 0.000039 0.020728 0.001393 1 2
2457100.358296 0.000039 0.018763 0.001252 1 2
2457100.358335 0.000039 0.019699 0.001418 1 2
2457100.358374 0.000039 0.020043 0.001437 1 2
2457100.358413 0.000039 0.021460 0.001481 1 2
2457100.358451 0.000039 0.020904 0.001365 1 2
2457100.358490 0.000039 0.021136 0.001412 1 2
2457100.358529 0.000039 0.020513 0.001383 1 2
2457100.358568 0.000039 0.018652 0.001267 1 2
2457100.358607 0.000039 0.020796 0.001332 1 2
2457100.358646 0.000039 0.020754 0.001375 1 2
2457100.358685 0.000039 0.019987 0.001342 1 2
2457100.358724 0.000039 0.018347 0.001306 1 2
2457100.358763 0.000039 0.021581 0.001430 1 2
2457100.358802 0.000039 0.021951 0.001406 1 2
2457100.358841 0.000039 0.021171 0.001343 1 2
2457100.358880 0.000039 0.018087 0.001251 1 2
2457100.358919 0.000039 0.020651 0.001284 1 2
2457100.358958 0.000039 0.020069 0.001278 1 2
2457100.358997 0.000039 0.018785 0.001271 1 2
2457100.359036 0.000039 0.020660 0.001276 1 2
2457100.359075 0.000039 0.017190 0.001396 1 2
2457100.359114 0.000039 0.020132 0.001340 1 2
2457100.359153 0.000039 0.017927 0.001377 1 2
2457100.359192 0.000039 0.020888 0.001370 1 2
2457100.359231 0.000039 0.020975 0.001329 1 2
2457100.359270 0.000039 0.020930 0.001273 1 2
2457100.359309 0.000039 0.020605 0.001327 1 2
2457100.359348 0.000039 0.021893 0.001328 1 2
2457100.359387 0.000039 0.020275 0.001274 1 2
2457100.359426 0.000039 0.021090 0.001325 1 2
2457100.359465 0.000039 0.019435 0.001422 1 2
2457100.359504 0.000039 0.019382 0.001343 1 2
2457100.359543 0.000039 0.018525 0.001405 1 2
2457100.359582 0.000039 0.019403 0.001426 1 2
2457100.359621 0.000039 0.021027 0.001536 1 2
2457100.359660 0.000039 0.018687 0.001437 1 2
2457100.359699 0.000039 0.019060 0.001356 1 2
2457100.359738 0.000039 0.018155 0.001318 1 2
2457100.359777 0.000039 0.017876 0.001314 1 2
2457100.359816 0.000039 0.019603 0.001406 1 2
2457100.359855 0.000039 0.021892 0.001587 1 2
2457100.359893 0.000039 0.016985 0.001551 1 2
2457100.359932 0.000039 0.020344 0.001431 1 2
2457100.359971 0.000039 0.018537 0.001336 1 2
2457100.360010 0.000039 0.022711 0.001399 1 2
2457100.360049 0.000039 0.020604 0.001377 1 2
2457100.360088 0.000039 0.018098 0.001369 1 2
2457100.360127 0.000039 0.022688 0.001425 1 2
2457100.360166 0.000039 0.019705 0.001397 1 2
2457100.360205 0.000039 0.021321 0.001350 1 2
2457100.360244 0.000039 0.019366 0.001281 1 2
2457100.360283 0.000039 0.020091 0.001276 1 2
2457100.360322 0.000039 0.019673 0.001256 1 2
2457100.360361 0.000039 0.021446 0.001291 1 2
2457100.360400 0.000039 0.022608 0.001379 1 2
2457100.360439 0.000039 0.022647 0.001398 1 2
2457100.360478 0.000039 0.019828 0.001378 1 2
2457100.360517 0.000039 0.020023 0.001279 1 2
2457100.360556 0.000039 0.023137 0.001427 1 2
2457100.360595 0.000039 0.023002 0.001508 1 2
2457100.360634 0.000039 0.020349 0.001368 1 2
2457100.360673 0.000039 0.018164 0.001406 1 2
2457100.360712 0.000039 0.018347 0.001605 1 2
2457100.360751 0.000039 0.023948 0.001621 1 2
2457100.360790 0.000039 0.019005 0.001440 1 2
2457100.360829 0.000039 0.024898 0.001534 1 2
2457100.360868 0.000039 0.024414 0.001537 1 2
2457100.360907 0.000039 0.018611 0.001632 1 2
2457100.360946 0.000039 0.019166 0.001565 1 2
2457100.360985 0.000039 0.021841 0.001498 1 2
2457100.361024 0.000039 0.021246 0.001468 1 2
2457100.361063 0.000039 0.023701 0.001662 1 2
2457100.361102 0.000039 0.020036 0.001774 1 2
2457100.361141 0.000039 0.020052 0.001515 1 2
2457100.361180 0.000039 0.020934 0.001488 1 2
2457100.361219 0.000039 0.020770 0.001488 1 2
2457100.361258 0.000039 0.019955 0.001533 1 2
2457100.361297 0.000039 0.019164 0.001355 1 2
2457100.361335 0.000039 0.020454 0.001343 1 2
2457100.361374 0.000039 0.022125 0.001447 1 2
2457100.361413 0.000039 0.020925 0.001438 1 2
2457100.361452 0.000039 0.020738 0.001401 1 2
2457100.361491 0.000039 0.019810 0.001337 1 2
2457100.361530 0.000039 0.022639 0.001377 1 2
2457100.361569 0.000039 0.021832 0.001388 1 2
2457100.361608 0.000039 0.020041 0.001413 1 2
2457100.361647 0.000039 0.020584 0.001361 1 2
2457100.361686 0.000039 0.017218 0.001296 1 2
2457100.361725 0.000039 0.020636 0.001445 1 2
2457100.361764 0.000039 0.019937 0.001498 1 2
2457100.361803 0.000039 0.018977 0.001362 1 2
2457100.361842 0.000039 0.023217 0.001431 1 2
2457100.361881 0.000039 0.018985 0.001310 1 2
2457100.361920 0.000039 0.020184 0.001357 1 2
2457100.361959 0.000039 0.019443 0.001253 1 2
2457100.361998 0.000039 0.018302 0.001327 1 2
2457100.362037 0.000039 0.018897 0.001451 1 2
2457100.362076 0.000039 0.019231 0.001322 1 2
2457100.362115 0.000039 0.018992 0.001323 1 2
2457100.362154 0.000039 0.020015 0.001278 1 2
2457100.362193 0.000039 0.019999 0.001376 1 2
2457100.362232 0.000039 0.020538 0.001437 1 2
2457100.362271 0.000039 0.020675 0.001535 1 2
2457100.362310 0.000039 0.019645 0.001494 1 2
2457100.362349 0.000039 0.018719 0.001670 1 2
2457100.362388 0.000039 0.021475 0.001880 1 2
2457100.362427 0.000039 0.020710 0.001721 1 2
2457100.362466 0.000039 0.022025 0.001618 1 2
2457100.362505 0.000039 0.019920 0.001547 1 2
2457100.362544 0.000039 0.020126 0.001541 1 2
2457100.362583 0.000039 0.016958 0.001328 1 2
2457100.362622 0.000039 0.019117 0.001325 1 2
2457100.362661 0.000039 0.020928 0.001365 1 2
2457100.362700 0.000039 0.019696 0.001305 1 2
2457100.362739 0.000039 0.018626 0.001275 1 2
2457100.362777 0.000039 0.018935 0.001264 1 2
2457100.362816 0.000039 0.019484 0.001294 1 2
2457100.362855 0.000039 0.017985 0.001283 1 2
2457100.362894 0.000039 0.020069 0.001378 1 2
2457100.362933 0.000039 0.018802 0.001374 1 2
2457100.362972 0.000039 0.021659 0.001502 1 2
2457100.363011 0.000039 0.022358 0.001309 1 2
2457100.363050 0.000039 0.015716 0.001285 1 2
2457100.363089 0.000039 0.021533 0.001340 1 2
2457100.363128 0.000039 0.020562 0.001280 1 2
2457100.363167 0.000039 0.017874 0.001301 1 2
2457100.363206 0.000039 0.022433 0.001485 1 2
2457100.363245 0.000039 0.017435 0.001481 1 2
2457100.363284 0.000039 0.019752 0.001361 1 2
2457100.363323 0.000039 0.019755 0.001387 1 2
2457100.363362 0.000039 0.017703 0.001487 1 2
2457100.363401 0.000039 0.020717 0.001547 1 2
2457100.363440 0.000039 0.019235 0.001484 1 2
2457100.363479 0.000039 0.015923 0.001507 1 2
2457100.363518 0.000039 0.019264 0.001494 1 2
2457100.363557 0.000039 0.022020 0.001450 1 2
2457100.363596 0.000039 0.020764 0.001456 1 2
2457100.363635 0.000039 0.018966 0.001419 1 2
2457100.363674 0.000039 0.019705 0.001654 1 2
2457100.363713 0.000039 0.019152 0.001759 1 2
2457100.363752 0.000039 0.019477 0.001654 1 2
2457100.363791 0.000039 0.016214 0.001418 1 2
2457100.363830 0.000039 0.020332 0.001410 1 2
2457100.363869 0.000039 0.019362 0.001482 1 2
2457100.363908 0.000039 0.018795 0.001362 1 2
2457100.363947 0.000039 0.019997 0.001445 1 2
2457100.363986 0.000039 0.020453 0.001557 1 2
2457100.364025 0.000039 0.020488 0.001594 1 2
2457100.364064 0.000039 0.020808 0.001647 1 2
2457100.364103 0.000039 0.019631 0.001602 1 2
2457100.364142 0.000039 0.019887 0.001541 1 2
2457100.364181 0.000039 0.017742 0.001491 1 2
2457100.364219 0.000039 0.014413 0.001491 1 2
2457100.364258 0.000039 0.019932 0.001403 1 2
2457100.364297 0.000039 0.020947 0.001346 1 2
2457100.364336 0.000039 0.019627 0.001326 1 2
2457100.364375 0.000039 0.019320 0.001447 1 2
2457100.364414 0.000039 0.019104 0.001456 1 2
2457100.364453 0.000039 0.017346 0.001319 1 2
2457100.364492 0.000039 0.018538 0.001400 1 2
2457100.364531 0.000039 0.019191 0.001431 1 2
2457100.364570 0.000039 0.020200 0.001419 1 2
2457100.364609 0.000039 0.019834 0.001467 1 2
2457100.364648 0.000039 0.019434 0.001383 1 2
2457100.364687 0.000039 0.021998 0.001356 1 2
2457100.364726 0.000039 0.019291 0.001317 1 2
2457100.364765 0.000039 0.019476 0.001368 1 2
2457100.364804 0.000039 0.018305 0.001340 1 2
2457100.364843 0.000039 0.016768 0.001276 1 2
2457100.364882 0.000039 0.021430 0.001337 1 2
2457100.364921 0.000039 0.019907 0.001275 1 2
2457100.364960 0.000039 0.019324 0.001371 1 2
2457100.364999 0.000039 0.020092 0.001429 1 2
2457100.365038 0.000039 0.021444 0.001505 1 2
2457100.365077 0.000039 0.020613 0.001423 1 2
2457100.365116 0.000039 0.017710 0.001354 1 2
2457100.365155 0.000039 0.021750 0.001522 1 2
2457100.365194 0.000039 0.019584 0.001639 1 2
2457100.365233 0.000039 0.019454 0.001651 1 2
2457100.365272 0.000039 0.021121 0.001507 1 2
2457100.365311 0.000039 0.019888 0.001513 1 2
2457100.365350 0.000039 0.018724 0.001472 1 2
2457100.365389 0.000039 0.022640 0.001460 1 2
2457100.365428 0.000039 0.021486 0.001602 1 2
2457100.365467 0.000039 0.017824 0.001537 1 2
2457100.365506 0.000039 0.019307 0.001520 1 2
2457100.365545 0.000039 0.019676 0.001619 1 2
2457100.365584 0.000039 0.019623 0.001614 1 2
2457100.365623 0.000039 0.019650 0.001620 1 2
2457100.365661 0.000039 0.017072 0.001556 1 2
2457100.365700 0.000039 0.018110 0.001459 1 2
2457100.365739 0.000039 0.017164 0.001363 1 2
2457100.365778 0.000039 0.019131 0.001360 1 2
2457100.365817 0.000039 0.018522 0.001468 1 2
2457100.365856 0.000039 0.020278 0.001451 1 2
2457100.365895 0.000039 0.020119 0.001371 1 2
2457100.365934 0.000039 0.018813 0.001376 1 2
2457100.365973 0.000039 0.018996 0.001414 1 2
2457100.366012 0.000039 0.019306 0.001391 1 2
2457100.366051 0.000039 0.020023 0.001417 1 2
2457100.366090 0.000039 0.020409 0.001418 1 2
2457100.366129 0.000039 0.020589 0.001395 1 2
2457100.366168 0.000039 0.020859 0.001360 1 2
2457100.366207 0.000039 0.018726 0.001395 1 2
2457100.366246 0.000039 0.020113 0.001424 1 2
2457100.366285 0.000039 0.019972 0.001395 1 2
2457100.366324 0.000039 0.019825 0.001470 1 2
2457100.366363 0.000039 0.020302 0.001308 1 2
2457100.366402 0.000039 0.020310 0.001391 1 2
2457100.366441 0.000039 0.021236 0.001580 1 2
2457100.366479 0.000039 0.020246 0.001470 1 2
2457100.366519 0.000039 0.021822 0.001574 1 2
2457100.366558 0.000039 0.022844 0.001597 1 2
2457100.366597 0.000039 0.019918 0.001598 1 2
2457100.366636 0.000039 0.019888 0.001412 1 2
2457100.366675 0.000039 0.022892 0.001656 1 2
2457100.366714 0.000039 0.020861 0.001431 1 2
2457100.366752 0.000039 0.019581 0.001452 1 2
2457100.366791 0.000039 0.020427 0.001397 1 2
2457100.366831 0.000039 0.023110 0.001497 1 2
2457100.366870 0.000039 0.019978 0.001403 1 2
2457100.366909 0.000039 0.020956 0.001501 1 2
2457100.366948 0.000039 0.021340 0.001431 1 2
2457100.366987 0.000039 0.020127 0.001369 1 2
2457100.367025 0.000039 0.020611 0.001387 1 2
2457100.367064 0.000039 0.023140 0.001438 1 2
2457100.367102 0.000039 0.021405 0.001324 1 2
2457100.367142 0.000039 0.020674 0.001397 1 2
2457100.367181 0.000039 0.021663 0.001353 1 2
2457100.367220 0.000039 0.020375 0.001396 1 2
2457100.367259 0.000039 0.020477 0.001405 1 2
2457100.367297 0.000039 0.020063 0.001320 1 2
2457100.367336 0.000039 0.023577 0.001308 1 2
2457100.367375 0.000039 0.021191 0.001270 1 2
2457100.367414 0.000039 0.019861 0.001276 1 2
2457100.367454 0.000039 0.022251 0.001447 1 2
2457100.367493 0.000039 0.022260 0.001379 1 2
2457100.367532 0.000039 0.020094 0.001236 1 2
2457100.367570 0.000039 0.020284 0.001367 1 2
2457100.367609 0.000039 0.023432 0.001388 1 2
2457100.367648 0.000039 0.022441 0.001329 1 2
2457100.367687 0.000039 0.021466 0.001400 1 2
2457100.367727 0.000039 0.020518 0.001448 1 2
2457100.367766 0.000039 0.023158 0.001422 1 2
2457100.367805 0.000039 0.022658 0.001432 1 2
2457100.367843 0.000039 0.020252 0.001548 1 2
2457100.367882 0.000039 0.023011 0.001571 1 2
2457100.367921 0.000039 0.020196 0.001486 1 2
2457100.367960 0.000039 0.019745 0.001594 1 2
2457100.367999 0.000039 0.020253 0.001574 1 2
2457100.368039 0.000039 0.023499 0.001485 1 2
2457100.368078 0.000039 0.022532 0.001533 1 2
2457100.368117 0.000039 0.023260 0.001538 1 2
2457100.368155 0.000039 0.024889 0.001423 1 2
2457100.368194 0.000039 0.018870 0.001445 1 2
2457100.368233 0.000039 0.020247 0.001298 1 2
2457100.368272 0.000039 0.023818 0.001429 1 2
2457100.368311 0.000039 0.023510 0.001526 1 2
2457100.368351 0.000039 0.020397 0.001353 1 2
2457100.368390 0.000039 0.021753 0.001521 1 2
2457100.368428 0.000039 0.022306 0.001700 1 2
2457100.368467 0.000039 0.018760 0.001508 1 2
2457100.368506 0.000039 0.023316 0.001391 1 2
2457100.368544 0.000039 0.022164 0.001360 1 2
2457100.368583 0.000039 0.021594 0.001418 1 2
2457100.368622 0.000039 0.022166 0.001397 1 2
2457100.368662 0.000039 0.024721 0.001427 1 2
2457100.368700 0.000039 0.020579 0.001453 1 2
2457100.368739 0.000039 0.022269 0.001341 1 2
2457100.368778 0.000039 0.020558 0.001361 1 2
2457100.368817 0.000039 0.022910 0.001452 1 2
2457100.368856 0.000039 0.022697 0.001380 1 2
2457100.368895 0.000039 0.022551 0.001431 1 2
2457100.368934 0.000039 0.018751 0.001265 1 2
2457100.368973 0.000039 0.019404 0.001362 1 2
2457100.369012 0.000039 0.023421 0.001355 1 2
2457100.369051 0.000039 0.020657 0.001387 1 2
2457100.369090 0.000039 0.021896 0.001366 1 2
2457100.369129 0.000039 0.021903 0.001324 1 2
2457100.369168 0.000039 0.022659 0.001381 1 2
2457100.369207 0.000039 0.023240 0.001388 1 2
2457100.369246 0.000039 0.023362 0.001417 1 2
2457100.369285 0.000039 0.021227 0.001456 1 2
2457100.369324 0.000039 0.026414 0.001448 1 2
2457100.369363 0.000039 0.023052 0.001478 1 2
2457100.369402 0.000039 0.021508 0.001379 1 2
2457100.369441 0.000039 0.021484 0.001488 1 2
2457100.369480 0.000039 0.021959 0.001525 1 2
2457100.369519 0.000039 0.021038 0.001479 1 2
2457100.369558 0.000039 0.023067 0.001559 1 2
2457100.369597 0.000039 0.025019 0.001571 1 2
2457100.369636 0.000039 0.019724 0.001563 1 2
2457100.369675 0.000039 0.021302 0.001679 1 2
2457100.369714 0.000039 0.021909 0.001597 1 2
2457100.369753 0.000039 0.025764 0.001750 1 2
2457100.369792 0.000039 0.023260 0.001891 1 2
2457100.369831 0.000039 0.020158 0.001617 1 2
2457100.369870 0.000039 0.022398 0.001565 1 2
2457100.369909 0.000039 0.022295 0.001795 1 2
2457100.369948 0.000039 0.021015 0.001580 1 2
2457100.369986 0.000039 0.023271 0.001680 1 2
2457100.370025 0.000039 0.021531 0.001552 1 2
2457100.370064 0.000039 0.025702 0.001581 1 2
2457100.370103 0.000039 0.024076 0.001629 1 2
2457100.370142 0.000039 0.021665 0.001699 1 2
2457100.370181 0.000039 0.025669 0.001766 1 2
2457100.370220 0.000039 0.022899 0.001620 1 2
2457100.370259 0.000039 0.023751 0.001559 1 2
2457100.370298 0.000039 0.022784 0.001585 1 2
2457100.370337 0.000039 0.021634 0.001529 1 2
2457100.370376 0.000039 0.022611 0.001493 1 2
2457100.370415 0.000039 0.022363 0.001375 1 2
2457100.370454 0.000039 0.021082 0.001451 1 2
2457100.370493 0.000039 0.021005 0.001670 1 2
2457100.370532 0.000039 0.024783 0.001777 1 2
2457100.370571 0.000039 0.022530 0.001718 1 2
2457100.370610 0.000039 0.020006 0.001791 1 2
2457100.370649 0.000039 0.023438 0.001477 1 2
2457100.370688 0.000039 0.022734 0.001443 1 2
2457100.370727 0.000039 0.024399 0.001425 1 2
2457100.370766 0.000039 0.020740 0.001434 1 2
2457100.370805 0.000039 0.023477 0.001507 1 2
2457100.370844 0.000039 0.023543 0.001428 1 2
2457100.370883 0.000039 0.021471 0.001470 1 2
2457100.370922 0.000039 0.022691 0.001437 1 2
2457100.370961 0.000039 0.022350 0.001789 1 2
2457100.371000 0.000039 0.020307 0.001611 1 2
2457100.371039 0.000039 0.023089 0.001539 1 2
2457100.371078 0.000039 0.024772 0.001503 1 2
2457100.371117 0.000039 0.019864 0.001462 1 2
2457100.371156 0.000039 0.022270 0.001322 1 2
2457100.371195 0.000039 0.022225 0.001462 1 2
2457100.371234 0.000039 0.020463 0.001446 1 2
2457100.371273 0.000039 0.022227 0.001468 1 2
2457100.371312 0.000039 0.023000 0.001424 1 2
2457100.371351 0.000039 0.022300 0.001546 1 2
2457100.371390 0.000039 0.021569 0.001503 1 2
2457100.371428 0.000039 0.023451 0.001543 1 2
2457100.371467 0.000039 0.023462 0.001552 1 2
2457100.371506 0.000039 0.023127 0.001477 1 2
2457100.371545 0.000039 0.025123 0.001501 1 2
2457100.371584 0.000039 0.022523 0.001375 1 2
2457100.371623 0.000039 0.021169 0.001356 1 2
2457100.371662 0.000039 0.024886 0.001433 1 2
2457100.371701 0.000039 0.023750 0.001399 1 2
2457100.371740 0.000039 0.018890 0.001433 1 2
2457100.371779 0.000039 0.022160 0.001441 1 2
2457100.371818 0.000039 0.022581 0.001409 1 2
2457100.371857 0.000039 0.021283 0.001407 1 2
2457100.371896 0.000039 0.027433 0.001499 1 2
2457100.371935 0.000039 0.021712 0.001469 1 2
2457100.371974 0.000039 0.020643 0.001433 1 2
2457100.372013 0.000039 0.027578 0.001508 1 2
2457100.372052 0.000039 0.023863 0.001485 1 2
2457100.372091 0.000039 0.023783 0.001447 1 2
2457100.372130 0.000039 0.017614 0.001278 1 2
2457100.372169 0.000039 0.021496 0.001439 1 2
2457100.372208 0.000039 0.023422 0.001484 1 2
2457100.372247 0.000039 0.023033 0.001579 1 2
2457100.372286 0.000039 0.022837 0.001460 1 2
2457100.372325 0.000039 0.021553 0.001565 1 2
2457100.372364 0.000039 0.024310 0.001569 1 2
2457100.372403 0.000039 0.021077 0.001360 1 2
2457100.372442 0.000039 0.020944 0.001452 1 2
2457100.372481 0.000039 0.022759 0.001517 1 2
2457100.372520 0.000039 0.022046 0.001487 1 2
2457100.372559 0.000039 0.022661 0.001627 1 2
2457100.372598 0.000039 0.023475 0.001651 1 2
2457100.372637 0.000039 0.022113 0.001718 1 2
2457100.372676 0.000039 0.021887 0.001509 1 2
2457100.372715 0.000039 0.022410 0.001565 1 2
2457100.372754 0.000039 0.026374 0.001610 1 2
2457100.372793 0.000039 0.020787 0.001662 1 2
2457100.372832 0.000039 0.027724 0.001698 1 2
2457100.372870 0.000039 0.021687 0.001513 1 2
2457100.372909 0.000039 0.024108 0.001543 1 2
2457100.372948 0.000039 0.023530 0.001585 1 2
2457100.372987 0.000039 0.023531 0.001542 1 2
2457100.373026 0.000039 0.021478 0.001697 1 2
2457100.373065 0.000039 0.021773 0.001579 1 2
2457100.373104 0.000039 0.023608 0.001599 1 2
2457100.373143 0.000039 0.023856 0.001666 1 2
2457100.373182 0.000039 0.025028 0.001760 1 2
2457100.373221 0.000039 0.022811 0.001637 1 2
2457100.373260 0.000039 0.027713 0.001461 1 2
2457100.373299 0.000039 0.024798 0.001594 1 2
2457100.373338 0.000039 0.023734 0.001531 1 2
2457100.373377 0.000039 0.022048 0.001467 1 2
2457100.373416 0.000039 0.020805 0.001493 1 2
2457100.373455 0.000039 0.025237 0.001537 1 2
2457100.373494 0.000039 0.022010 0.001310 1 2
2457100.373533 0.000039 0.024056 0.001393 1 2
2457100.373572 0.000039 0.021335 0.001306 1 2
2457100.373611 0.000039 0.025379 0.001444 1 2
2457100.373650 0.000039 0.023947 0.001423 1 2
2457100.373689 0.000039 0.024414 0.001405 1 2
2457100.373728 0.000039 0.020112 0.001308 1 2
2457100.373767 0.000039 0.020187 0.001409 1 2
2457100.373806 0.000039 0.022120 0.001458 1 2
2457100.373845 0.000039 0.024083 0.001419 1 2
2457100.373884 0.000039 0.021024 0.001353 1 2
2457100.373923 0.000039 0.021473 0.001430 1 2
2457100.373962 0.000039 0.022851 0.001316 1 2
2457100.374001 0.000039 0.021090 0.001347 1 2
2457100.374040 0.000039 0.022159 0.001335 1 2
2457100.374079 0.000039 0.024611 0.001401 1 2
2457100.374118 0.000039 0.023607 0.001394 1 2
2457100.374157 0.000039 0.022660 0.001425 1 2
2457100.374196 0.000039 0.024064 0.001402 1 2
2457100.374235 0.000039 0.021686 0.001394 1 2
2457100.374274 0.000039 0.024572 0.001381 1 2
2457100.374312 0.000039 0.022623 0.001352 1 2
2457100.374351 0.000039 0.021341 0.001382 1 2
2457100.374390 0.000039 0.018574 0.001437 1 2
2457100.374429 0.000039 0.022942 0.001416 1 2
2457100.374468 0.000039 0.025400 0.001568 1 2
2457100.374507 0.000039 0.020450 0.001463 1 2
2457100.374546 0.000039 0.022406 0.001450 1 2
2457100.374585 0.000039 0.022712 0.001512 1 2
2457100.374624 0.000039 0.024755 0.001558 1 2
2457100.374663 0.000039 0.022895 0.001395 1 2
2457100.374702 0.000039 0.023685 0.001488 1 2
2457100.374741 0.000039 0.022977 0.001472 1 2
2457100.374780 0.000039 0.023357 0.001434 1 2
2457100.374819 0.000039 0.023356 0.001478 1 2
2457100.374858 0.000039 0.024583 0.001571 1 2
2457100.374897 0.000039 0.024758 0.001464 1 2
2457100.374936 0.000039 0.024697 0.001549 1 2
2457100.374975 0.000039 0.022590 0.001355 1 2
2457100.375014 0.000039 0.025167 0.001590 1 2
2457100.375053 0.000039 0.020916 0.001534 1 2
2457100.375092 0.000039 0.021650 0.001463 1 2
2457100.375131 0.000039 0.023463 0.001456 1 2
2457100.375170 0.000039 0.024078 0.001541 1 2
2457100.375209 0.000039 0.025449 0.001526 1 2
2457100.375248 0.000039 0.025189 0.001520 1 2
2457100.375287 0.000039 0.027288 0.001444 1 2
2457100.375326 0.000039 0.024534 0.001566 1 2
2457100.375365 0.000039 0.023681 0.001486 1 2
2457100.375404 0.000039 0.025040 0.001557 1 2
2457100.375443 0.000039 0.020675 0.001445 1 2
2457100.375482 0.000039 0.023460 0.001461 1 2
2457100.375521 0.000039 0.023449 0.001530 1 2
2457100.375560 0.000039 0.024009 0.001691 1 2
2457100.375599 0.000039 0.026857 0.001730 1 2
2457100.375638 0.000039 0.021971 0.001585 1 2
2457100.375677 0.000039 0.024625 0.001572 1 2
2457100.375716 0.000039 0.023364 0.001458 1 2
2457100.375754 0.000039 0.021281 0.001474 1 2
2457100.375793 0.000039 0.020838 0.001523 1 2
2457100.375832 0.000039 0.021289 0.001552 1 2
2457100.375871 0.000039 0.021301 0.001444 1 2
2457100.375910 0.000039 0.021378 0.001430 1 2
2457100.375949 0.000039 0.022261 0.001340 1 2
2457100.375988 0.000039 0.021362 0.001472 1 2
2457100.376027 0.000039 0.020916 0.001532 1 2
2457100.376066 0.000039 0.021258 0.001573 1 2
2457100.376105 0.000039 0.023323 0.001571 1 2
2457100.376144 0.000039 0.018376 0.001562 1 2
2457100.376183 0.000039 0.023283 0.001477 1 2
2457100.376222 0.000039 0.020407 0.001655 1 2
2457100.376261 0.000039 0.019629 0.001661 1 2
2457100.376300 0.000039 0.020517 0.001754 1 2
2457100.376339 0.000039 0.021905 0.001665 1 2
2457100.376378 0.000039 0.023380 0.001595 1 2
2457100.376417 0.000039 0.024025 0.001658 1 2
2457100.376456 0.000039 0.019900 0.001408 1 2
2457100.376495 0.000039 0.020518 0.001420 1 2
2457100.376534 0.000039 0.020370 0.001453 1 2
2457100.376573 0.000039 0.019543 0.001554 1 2
2457100.376612 0.000039 0.018778 0.001349 1 2
2457100.376651 0.000039 0.022550 0.001444 1 2
2457100.376690 0.000039 0.022128 0.001422 1 2
2457100.376729 0.000039 0.020839 0.001423 1 2
2457100.376768 0.000039 0.020772 0.001448 1 2
2457100.376807 0.000039 0.021101 0.001550 1 2
2457100.376846 0.000039 0.022048 0.001423 1 2
2457100.376885 0.000039 0.021583 0.001497 1 2
2457100.376924 0.000039 0.021874 0.001655 1 2
2457100.376963 0.000039 0.018721 0.001523 1 2
2457100.377002 0.000039 0.022277 0.001562 1 2
2457100.377041 0.000039 0.020416 0.001447 1 2
2457100.377080 0.000039 0.018910 0.001537 1 2
2457100.377119 0.000039 0.024831 0.001517 1 2
2457100.377158 0.000039 0.022256 0.001520 1 2
2457100.377196 0.000039 0.022746 0.001443 1 2
2457100.377235 0.000039 0.022170 0.001536 1 2
2457100.377274 0.000039 0.020977 0.001569 1 2
2457100.377313 0.000039 0.022380 0.001475 1 2
2457100.377352 0.000039 0.019814 0.001515 1 2
2457100.377391 0.000039 0.021069 0.001478 1 2
2457100.377430 0.000039 0.025288 0.001555 1 2
2457100.377469 0.000039 0.022746 0.001506 1 2
2457100.377508 0.000039 0.021455 0.001434 1 2
2457100.377547 0.000039 0.024177 0.001504 1 2
2457100.377586 0.000039 0.023290 0.001508 1 2
2457100.377625 0.000039 0.022596 0.001482 1 2
2457100.377664 0.000039 0.021326 0.001529 1 2
