2458873.423870 0.000046 0.038819 0.003112 1 2
2458873.423862 0.000061 0.040460 0.002993 1 2
2458873.423923 0.000061 0.042285 0.001902 1 2
2458873.423984 0.000061 0.044593 0.002113 1 2
2458873.424045 0.000061 0.046331 0.003311 1 2
2458873.424106 0.000061 0.046700 0.002526 1 2
2458873.424167 0.000061 0.046650 0.001877 1 2
2458873.424228 0.000061 0.046781 0.001818 1 2
2458873.424289 0.000061 0.043797 0.001760 1 2
2458873.424350 0.000061 0.045707 0.001783 1 2
2458873.424411 0.000061 0.050771 0.001954 1 2
2458873.424472 0.000061 0.045128 0.002438 1 2
2458873.424533 0.000061 0.043881 0.003397 1 2
2458873.424594 0.000061 0.040308 0.003034 1 2
2458873.424655 0.000061 0.040665 0.004593 1 2
2458873.424716 0.000061 0.045191 0.002638 1 2
2458873.424777 0.000061 0.046633 0.002558 1 2
2458873.424838 0.000061 0.045699 0.001804 1 2
2458873.424899 0.000061 0.035795 0.003304 1 2
2458873.424959 0.000061 0.038425 0.001987 1 2
2458873.425020 0.000061 0.041716 0.002214 1 2
2458873.425081 0.000061 0.040508 0.002281 1 2
2458873.425142 0.000061 0.044963 0.002132 1 2
2458873.425203 0.000061 0.045248 0.002189 1 2
2458873.425264 0.000061 0.041095 0.001800 1 2
2458873.425325 0.000061 0.040445 0.004041 1 2
2458873.425386 0.000061 0.046189 0.002038 1 2
2458873.425447 0.000061 0.040344 0.001863 1 2
2458873.425508 0.000061 0.037178 0.004188 1 2
2458873.425570 0.000061 0.042802 0.002143 1 2
2458873.425630 0.000061 0.047886 0.002465 1 2
2458873.425692 0.000061 0.045875 0.002753 1 2
2458873.425753 0.000061 0.044332 0.002159 1 2
2458873.425813 0.000061 0.043048 0.003534 1 2
2458873.425875 0.000061 0.050011 0.003340 1 2
2458873.425935 0.000061 0.046462 0.002326 1 2
2458873.425997 0.000061 0.045575 0.001842 1 2
2458873.426058 0.000061 0.045656 0.002570 1 2
2458873.426118 0.000061 0.050021 0.001961 1 2
2458873.426179 0.000061 0.043598 0.001811 1 2
2458873.426240 0.000061 0.043471 0.002192 1 2
2458873.426301 0.000061 0.047247 0.002806 1 2
2458873.426362 0.000061 0.042207 0.001923 1 2
2458873.426423 0.000061 0.040834 0.001854 1 2
2458873.426484 0.000061 0.049430 0.001881 1 2
2458873.426545 0.000061 0.044502 0.001854 1 2
2458873.426606 0.000061 0.048881 0.001927 1 2
2458873.426667 0.000061 0.048192 0.002480 1 2
2458873.426728 0.000061 0.045871 0.002011 1 2
2458873.426789 0.000061 0.048545 0.001945 1 2
2458873.426850 0.000061 0.047203 0.001917 1 2
2458873.426911 0.000061 0.049949 0.002086 1 2
2458873.426972 0.000061 0.044911 0.002065 1 2
2458873.427033 0.000061 0.041574 0.001957 1 2
2458873.427094 0.000061 0.045734 0.001978 1 2
2458873.427155 0.000061 0.043933 0.001930 1 2
2458873.427216 0.000061 0.044984 0.002145 1 2
2458873.427277 0.000061 0.047405 0.002066 1 2
2458873.427337 0.000061 0.045210 0.001864 1 2
2458873.427398 0.000061 0.048669 0.001947 1 2
2458873.427459 0.000061 0.043921 0.002988 1 2
2458873.427520 0.000061 0.047494 0.002829 1 2
2458873.427581 0.000061 0.045286 0.002230 1 2
2458873.427642 0.000061 0.047772 0.002188 1 2
2458873.427703 0.000061 0.045155 0.002055 1 2
2458873.427764 0.000061 0.047170 0.001955 1 2
2458873.427825 0.000061 0.042925 0.002472 1 2
2458873.427886 0.000061 0.047936 0.002001 1 2
2458873.427947 0.000061 0.045536 0.002199 1 2
2458873.428008 0.000061 0.048047 0.001909 1 2
2458873.428069 0.000061 0.049896 0.002101 1 2
2458873.428130 0.000061 0.044413 0.002261 1 2
2458873.428191 0.000061 0.037712 0.002421 1 2
2458873.428252 0.000061 0.041195 0.002893 1 2
2458873.428313 0.000061 0.049914 0.002093 1 2
2458873.428374 0.000061 0.046275 0.002025 1 2
2458873.428435 0.000061 0.041132 0.002299 1 2
2458873.428495 0.000061 0.043587 0.002091 1 2
2458873.428556 0.000061 0.044442 0.002053 1 2
2458873.428617 0.000061 0.046867 0.002035 1 2
2458873.428678 0.000061 0.044486 0.002042 1 2
2458873.428739 0.000061 0.046673 0.002182 1 2
2458873.428800 0.000061 0.040768 0.002264 1 2
2458873.428861 0.000061 0.046234 0.002509 1 2
2458873.428922 0.000061 0.046248 0.002273 1 2
2458873.428983 0.000061 0.034403 0.003378 1 2
2458873.429044 0.000061 0.044030 0.002185 1 2
2458873.429105 0.000061 0.045247 0.002218 1 2
2458873.429166 0.000061 0.043355 0.002140 1 2
2458873.429227 0.000061 0.042527 0.002178 1 2
2458873.429288 0.000061 0.048448 0.002287 1 2
2458873.429349 0.000061 0.041737 0.002035 1 2
2458873.429410 0.000061 0.042232 0.002123 1 2
2458873.429471 0.000061 0.043277 0.002049 1 2
2458873.429532 0.000061 0.040156 0.002003 1 2
2458873.429593 0.000061 0.044897 0.002002 1 2
2458873.429653 0.000061 0.042818 0.001944 1 2
2458873.429714 0.000061 0.043952 0.002364 1 2
2458873.429775 0.000061 0.041049 0.002881 1 2
2458873.429836 0.000061 0.039231 0.002305 1 2
2458873.429897 0.000061 0.041066 0.002289 1 2
2458873.429958 0.000061 0.039878 0.001971 1 2
2458873.430019 0.000061 0.043425 0.002049 1 2
2458873.430080 0.000061 0.041814 0.001964 1 2
2458873.430141 0.000061 0.040060 0.002115 1 2
2458873.430202 0.000061 0.038459 0.002004 1 2
2458873.430263 0.000061 0.039321 0.001976 1 2
2458873.430324 0.000061 0.041054 0.002091 1 2
2458873.430385 0.000061 0.043698 0.002268 1 2
2458873.430446 0.000061 0.042843 0.002551 1 2
2458873.430507 0.000061 0.041657 0.001990 1 2
2458873.430568 0.000061 0.043410 0.002191 1 2
2458873.430629 0.000061 0.043145 0.002132 1 2
2458873.430690 0.000061 0.043297 0.002110 1 2
2458873.430751 0.000061 0.041619 0.002064 1 2
2458873.430812 0.000061 0.045164 0.002256 1 2
2458873.430872 0.000061 0.050224 0.004058 1 2
2458873.430933 0.000061 0.043994 0.002440 1 2
2458873.430994 0.000061 0.043985 0.002272 1 2
2458873.431055 0.000061 0.039613 0.002213 1 2
2458873.431116 0.000061 0.038817 0.002106 1 2
2458873.431177 0.000061 0.039297 0.001976 1 2
2458873.431238 0.000061 0.042208 0.002696 1 2
2458873.431299 0.000061 0.042395 0.002548 1 2
2458873.431360 0.000061 0.035839 0.002571 1 2
2458873.431421 0.000061 0.039386 0.002042 1 2
2458873.431482 0.000061 0.041319 0.001794 1 2
2458873.431543 0.000061 0.038107 0.001655 1 2
2458873.431604 0.000061 0.041465 0.001736 1 2
2458873.431665 0.000061 0.043078 0.001804 1 2
2458873.431726 0.000061 0.039836 0.002115 1 2
2458873.431787 0.000061 0.036484 0.003795 1 2
2458873.431848 0.000061 0.037145 0.002709 1 2
2458873.431909 0.000061 0.040535 0.003370 1 2
2458873.431970 0.000061 0.037921 0.001936 1 2
2458873.432030 0.000061 0.042917 0.002258 1 2
2458873.432091 0.000061 0.034178 0.001760 1 2
2458873.432152 0.000061 0.033378 0.001715 1 2
2458873.432213 0.000061 0.034621 0.002717 1 2
2458873.432274 0.000061 0.035437 0.002236 1 2
2458873.432335 0.000061 0.037302 0.001722 1 2
2458873.432396 0.000061 0.041178 0.001741 1 2
2458873.432457 0.000061 0.037553 0.001936 1 2
2458873.432518 0.000061 0.037381 0.002134 1 2
2458873.432579 0.000061 0.034979 0.001823 1 2
2458873.432640 0.000061 0.036626 0.001824 1 2
2458873.432701 0.000061 0.036122 0.001748 1 2
2458873.432762 0.000061 0.034156 0.001790 1 2
2458873.432823 0.000061 0.033963 0.002075 1 2
2458873.432884 0.000061 0.035842 0.002012 1 2
2458873.432945 0.000061 0.035286 0.001699 1 2
2458873.433006 0.000061 0.039952 0.001828 1 2
2458873.433067 0.000061 0.036395 0.001817 1 2
2458873.433128 0.000061 0.038033 0.001827 1 2
2458873.433189 0.000061 0.033574 0.001760 1 2
2458873.433249 0.000061 0.034960 0.001791 1 2
2458873.433310 0.000061 0.032689 0.002209 1 2
2458873.433371 0.000061 0.035774 0.002261 1 2
2458873.433432 0.000061 0.032334 0.003720 1 2
2458873.433493 0.000061 0.035786 0.002223 1 2
2458873.433554 0.000061 0.033291 0.001677 1 2
2458873.433615 0.000061 0.030410 0.002205 1 2
2458873.433676 0.000061 0.033570 0.001744 1 2
2458873.433737 0.000061 0.036010 0.001780 1 2
2458873.433798 0.000061 0.037574 0.002076 1 2
2458873.433859 0.000061 0.035692 0.001759 1 2
2458873.433920 0.000061 0.034171 0.001857 1 2
2458873.433981 0.000061 0.034924 0.001760 1 2
2458873.434042 0.000061 0.035034 0.001821 1 2
2458873.434103 0.000061 0.038497 0.001979 1 2
2458873.434164 0.000061 0.038985 0.001934 1 2
2458873.434225 0.000061 0.037556 0.001866 1 2
2458873.434286 0.000061 0.040712 0.002060 1 2
2458873.434347 0.000061 0.041775 0.002183 1 2
2458873.434407 0.000061 0.036834 0.002287 1 2
2458873.434468 0.000061 0.040168 0.003145 1 2
2458873.434590 0.000061 0.039731 0.002707 1 2
2458873.434651 0.000061 0.041410 0.002076 1 2
2458873.434712 0.000061 0.043128 0.002613 1 2
2458873.434773 0.000061 0.043009 0.002107 1 2
2458873.434834 0.000061 0.036590 0.002506 1 2
2458873.434895 0.000061 0.038872 0.001983 1 2
2458873.434956 0.000061 0.037127 0.001928 1 2
2458873.435017 0.000061 0.046821 0.002112 1 2
2458873.435078 0.000061 0.039320 0.001848 1 2
2458873.435139 0.000061 0.043711 0.001887 1 2
2458873.435200 0.000061 0.038330 0.002555 1 2
2458873.435261 0.000061 0.042112 0.002191 1 2
2458873.435322 0.000061 0.040115 0.001962 1 2
2458873.435383 0.000061 0.042513 0.001883 1 2
2458873.435444 0.000061 0.045596 0.001887 1 2
2458873.435505 0.000061 0.040922 0.001817 1 2
2458873.435566 0.000061 0.043290 0.001784 1 2
2458873.435626 0.000061 0.038874 0.001871 1 2
2458873.435687 0.000061 0.042843 0.001950 1 2
2458873.435748 0.000061 0.042298 0.001934 1 2
2458873.435809 0.000061 0.045586 0.001902 1 2
2458873.435870 0.000061 0.042279 0.001858 1 2
2458873.435931 0.000061 0.044675 0.001934 1 2
2458873.435992 0.000061 0.041024 0.001870 1 2
2458873.436053 0.000061 0.040186 0.002022 1 2
2458873.436114 0.000061 0.037451 0.001985 1 2
2458873.436175 0.000061 0.040141 0.002727 1 2
2458873.436236 0.000061 0.041341 0.002313 1 2
2458873.436297 0.000061 0.036269 0.003847 1 2
2458873.436358 0.000061 0.040680 0.003142 1 2
2458873.436419 0.000061 0.040816 0.001967 1 2
2458873.436480 0.000061 0.042696 0.001917 1 2
2458873.436541 0.000061 0.042380 0.001813 1 2
2458873.436602 0.000061 0.033191 0.002544 1 2
2458873.436663 0.000061 0.042688 0.002722 1 2
2458873.436724 0.000061 0.040504 0.001822 1 2
2458873.436784 0.000061 0.041532 0.001878 1 2
2458873.436845 0.000061 0.042500 0.002276 1 2
2458873.436906 0.000061 0.037448 0.002511 1 2
2458873.436967 0.000061 0.044224 0.001896 1 2
2458873.437028 0.000061 0.040873 0.001778 1 2
2458873.437089 0.000061 0.043257 0.001817 1 2
2458873.437150 0.000061 0.039669 0.001759 1 2
2458873.437211 0.000061 0.040202 0.001725 1 2
2458873.437272 0.000061 0.040455 0.001708 1 2
2458873.437333 0.000061 0.043686 0.001862 1 2
2458873.437394 0.000061 0.038958 0.001743 1 2
2458873.437455 0.000061 0.040072 0.001856 1 2
2458873.437516 0.000061 0.038686 0.001701 1 2
2458873.437577 0.000061 0.039525 0.001960 1 2
2458873.437638 0.000061 0.042230 0.003622 1 2
2458873.437699 0.000061 0.038924 0.002368 1 2
2458873.437760 0.000061 0.041552 0.001907 1 2
2458873.437821 0.000061 0.046789 0.001868 1 2
2458873.437882 0.000061 0.042917 0.001857 1 2
2458873.437942 0.000061 0.039576 0.001785 1 2
2458873.438003 0.000061 0.044079 0.001816 1 2
2458873.438064 0.000061 0.034832 0.001746 1 2
2458873.438125 0.000061 0.031703 0.001725 1 2
2458873.438186 0.000061 0.021096 0.001551 1 2
2458873.438247 0.000061 0.012791 0.001499 1 2
2458873.438308 0.000061 0.013239 0.002062 1 2
2458873.438369 0.000061 0.007450 0.001600 1 2
2458873.438430 0.000061 0.004839 0.001452 1 2
2458873.438491 0.000061 0.003535 0.001446 1 2
2458873.438552 0.000061 0.005099 0.001374 1 2
2458873.438613 0.000061 0.004553 0.001533 1 2
2458873.438674 0.000061 0.005888 0.001606 1 2
2458873.438735 0.000061 0.003355 0.001601 1 2
2458873.438796 0.000061 0.003027 0.001775 1 2
2458873.438857 0.000061 0.003170 0.001602 1 2
2458873.438918 0.000061 0.004352 0.001421 1 2
2458873.438979 0.000061 0.002764 0.001525 1 2
2458873.439040 0.000061 0.001575 0.001535 1 2
2458873.439101 0.000061 0.002982 0.001562 1 2
2458873.439161 0.000061 0.002014 0.001849 1 2
2458873.439222 0.000061 0.003259 0.002085 1 2
2458873.439283 0.000061 0.003368 0.001578 1 2
2458873.439344 0.000061 0.004112 0.001375 1 2
2458873.439405 0.000061 0.001270 0.001270 1 2
2458873.439466 0.000061 0.003054 0.001586 1 2
2458873.439527 0.000061 0.002392 0.001405 1 2
2458873.439588 0.000061 0.000426 0.001598 1 2
2458873.439649 0.000061 0.002214 0.001581 1 2
2458873.439710 0.000061 -0.000849 -0.001560 1 2
2458873.439771 0.000061 0.002570 0.002088 1 2
2458873.439832 0.000061 0.002654 0.001660 1 2
2458873.439893 0.000061 0.001265 0.001354 1 2
2458873.439954 0.000061 -0.000311 -0.001449 1 2
2458873.440015 0.000061 0.000829 0.001568 1 2
2458873.440076 0.000061 -0.001543 -0.001407 1 2
2458873.440137 0.000061 0.000408 0.001452 1 2
2458873.440198 0.000061 0.002569 0.001803 1 2
2458873.440259 0.000061 0.000848 0.001540 1 2
2458873.440319 0.000061 0.001133 0.002319 1 2
2458873.440380 0.000061 0.003905 0.001689 1 2
2458873.440441 0.000061 0.005888 0.001586 1 2
2458873.440502 0.000061 0.008815 0.001776 1 2
2458873.440563 0.000061 0.014559 0.002193 1 2
2458873.440624 0.000061 0.015751 0.001765 1 2
2458873.440685 0.000061 0.015847 0.001598 1 2
2458873.440746 0.000061 0.024350 0.001650 1 2
2458873.440807 0.000061 0.032439 0.001777 1 2
2458873.440868 0.000061 0.036144 0.001869 1 2
2458873.440929 0.000061 0.032891 0.001932 1 2
2458873.440990 0.000061 0.034118 0.001797 1 2
2458873.441051 0.000061 0.036876 0.001794 1 2
2458873.441112 0.000061 0.038447 0.002118 1 2
2458873.441173 0.000061 0.036672 0.001949 1 2
2458873.441234 0.000061 0.038232 0.001913 1 2
2458873.441296 0.000061 0.040774 0.001885 1 2
2458873.441356 0.000061 0.040154 0.002075 1 2
2458873.441417 0.000061 0.036184 0.001926 1 2
2458873.441478 0.000061 0.043708 0.002167 1 2
2458873.441538 0.000061 0.045628 0.002685 1 2
2458873.441600 0.000061 0.044928 0.001994 1 2
2458873.441660 0.000061 0.042278 0.002097 1 2
2458873.441722 0.000061 0.040048 0.002163 1 2
2458873.441783 0.000061 0.043102 0.001931 1 2
2458873.441843 0.000061 0.037773 0.002691 1 2
2458873.441905 0.000061 0.038740 0.002053 1 2
2458873.441965 0.000061 0.045144 0.002007 1 2
2458873.442027 0.000061 0.043270 0.002813 1 2
2458873.442088 0.000061 0.039261 0.001882 1 2
2458873.442149 0.000061 0.036695 0.001741 1 2
2458873.442210 0.000061 0.045698 0.001858 1 2
2458873.442271 0.000061 0.045211 0.001954 1 2
2458873.442332 0.000061 0.042721 0.001932 1 2
2458873.442393 0.000061 0.040026 0.001925 1 2
2458873.442454 0.000061 0.040826 0.001908 1 2
2458873.442515 0.000061 0.036031 0.003744 1 2
2458873.442576 0.000061 0.043938 0.002974 1 2
2458873.442637 0.000061 0.034622 0.002038 1 2
2458873.442697 0.000061 0.044858 0.002178 1 2
2458873.442758 0.000061 0.039800 0.002061 1 2
2458873.442819 0.000061 0.036671 0.002015 1 2
2458873.442880 0.000061 0.041965 0.001831 1 2
2458873.442941 0.000061 0.039674 0.001792 1 2
2458873.443002 0.000061 0.042976 0.001954 1 2
2458873.443063 0.000061 0.038175 0.001825 1 2
2458873.443124 0.000061 0.044216 0.002067 1 2
2458873.443185 0.000061 0.037036 0.001763 1 2
2458873.443246 0.000061 0.043866 0.001845 1 2
2458873.443307 0.000061 0.042308 0.002623 1 2
2458873.443368 0.000061 0.042220 0.001927 1 2
2458873.443429 0.000061 0.042376 0.001830 1 2
2458873.443490 0.000061 0.042437 0.001835 1 2
2458873.443551 0.000061 0.041989 0.001780 1 2
2458873.443612 0.000061 0.046609 0.001769 1 2
2458873.443673 0.000061 0.045261 0.001803 1 2
2458873.443734 0.000061 0.046321 0.001836 1 2
2458873.443795 0.000061 0.045864 0.001894 1 2
2458873.443856 0.000061 0.046688 0.001935 1 2
2458873.443916 0.000061 0.050380 0.001957 1 2
2458873.443977 0.000061 0.047782 0.001877 1 2
2458873.444038 0.000061 0.043341 0.001822 1 2
2458873.444099 0.000061 0.047455 0.001802 1 2
2458873.444160 0.000061 0.050836 0.001793 1 2
2458873.444221 0.000061 0.051378 0.001815 1 2
2458873.444282 0.000061 0.052470 0.001946 1 2
2458873.444343 0.000061 0.049161 0.002064 1 2
2458873.444404 0.000061 0.053059 0.001957 1 2
2458873.444465 0.000061 0.056183 0.001941 1 2
2458873.444526 0.000061 0.049368 0.001798 1 2
2458873.444587 0.000061 0.051126 0.001851 1 2
2458873.444648 0.000061 0.048117 0.001882 1 2
2458873.444709 0.000061 0.044723 0.001871 1 2
2458873.444770 0.000061 0.042121 0.001809 1 2
2458873.444831 0.000061 0.042475 0.001876 1 2
2458873.444892 0.000061 0.046474 0.001910 1 2
2458873.444953 0.000061 0.046746 0.001847 1 2
2458873.445014 0.000061 0.041649 0.002051 1 2
2458873.445074 0.000061 0.047844 0.001894 1 2
2458873.445135 0.000061 0.048189 0.001884 1 2
2458873.445196 0.000061 0.050175 0.001961 1 2
2458873.445257 0.000061 0.050733 0.001922 1 2
2458873.445318 0.000061 0.051174 0.001985 1 2
2458873.445379 0.000061 0.048375 0.001874 1 2
2458873.445440 0.000061 0.051788 0.002459 1 2
2458873.445501 0.000061 0.047552 0.003182 1 2
2458873.445562 0.000061 0.050248 0.001888 1 2
2458873.445623 0.000061 0.046039 0.001899 1 2
2458873.445684 0.000061 0.044697 0.002001 1 2
2458873.445745 0.000061 0.046125 0.002901 1 2
2458873.445806 0.000061 0.043829 0.002307 1 2
2458873.445867 0.000061 0.049138 0.002194 1 2
2458873.445928 0.000061 0.043432 0.002081 1 2
2458873.445989 0.000061 0.045821 0.001870 1 2
2458873.446050 0.000061 0.046100 0.001844 1 2
2458873.446111 0.000061 0.045390 0.002988 1 2
2458873.446172 0.000061 0.043369 0.001931 1 2
2458873.446232 0.000061 0.044151 0.001933 1 2
2458873.446293 0.000061 0.040118 0.002109 1 2
2458873.446354 0.000061 0.043716 0.001868 1 2
2458873.446415 0.000061 0.040724 0.002036 1 2
2458873.446476 0.000061 0.042830 0.001920 1 2
2458873.446537 0.000061 0.040858 0.002923 1 2
2458873.446598 0.000061 0.049269 0.003911 1 2
2458873.446659 0.000061 0.047016 0.002353 1 2
2458873.446720 0.000061 0.045996 0.002015 1 2
2458873.446781 0.000061 0.042179 0.002842 1 2
2458873.446842 0.000061 0.042412 0.001860 1 2
2458873.446903 0.000061 0.039508 0.001854 1 2
2458873.446964 0.000061 0.038590 0.001816 1 2
2458873.447025 0.000061 0.040923 0.001919 1 2
2458873.447086 0.000061 0.044521 0.002041 1 2
2458873.447147 0.000061 0.043265 0.001953 1 2
2458873.447208 0.000061 0.038498 0.001971 1 2
2458873.447269 0.000061 0.036476 0.001849 1 2
2458873.447330 0.000061 0.044022 0.001987 1 2
2458873.447391 0.000061 0.034775 0.001832 1 2
2458873.447451 0.000061 0.038738 0.002118 1 2
2458873.447512 0.000061 0.039750 0.002542 1 2
2458873.447573 0.000061 0.038418 0.002168 1 2
2458873.447634 0.000061 0.037603 0.002891 1 2
2458873.447695 0.000061 0.035921 0.002354 1 2
2458873.447756 0.000061 0.043649 0.002299 1 2
2458873.447817 0.000061 0.039456 0.001918 1 2
2458873.447878 0.000061 0.038045 0.001955 1 2
2458873.447939 0.000061 0.037799 0.001855 1 2
2458873.448000 0.000061 0.045573 0.002072 1 2
2458873.448061 0.000061 0.037715 0.001904 1 2
2458873.448122 0.000061 0.034901 0.001872 1 2
2458873.448183 0.000061 0.036763 0.001884 1 2
2458873.448244 0.000061 0.035306 0.003720 1 2
2458873.448305 0.000061 0.042538 0.002417 1 2
2458873.448366 0.000061 0.033030 0.003213 1 2
2458873.448427 0.000061 0.034410 0.002159 1 2
2458873.448488 0.000061 0.041540 0.001901 1 2
2458873.448549 0.000061 0.036799 0.002100 1 2
2458873.448609 0.000061 0.034568 0.002874 1 2
2458873.448670 0.000061 0.041531 0.001906 1 2
2458873.448731 0.000061 0.039720 0.002035 1 2
2458873.448792 0.000061 0.037875 0.002784 1 2
2458873.448853 0.000061 0.038017 0.002188 1 2
2458873.448914 0.000061 0.035202 0.001961 1 2
2458873.448975 0.000061 0.043065 0.002014 1 2
2458873.449036 0.000061 0.039279 0.002064 1 2
2458873.449097 0.000061 0.040731 0.002038 1 2
2458873.449158 0.000061 0.041528 0.001945 1 2
2458873.449219 0.000061 0.043358 0.001962 1 2
2458873.449280 0.000061 0.041680 0.001925 1 2
2458873.449341 0.000061 0.044479 0.002096 1 2
2458873.449402 0.000061 0.043637 0.002029 1 2
2458873.449463 0.000061 0.041938 0.002047 1 2
2458873.449524 0.000061 0.041648 0.002239 1 2
2458873.449585 0.000061 0.042787 0.002102 1 2
2458873.449646 0.000061 0.042109 0.002114 1 2
2458873.449707 0.000061 0.036900 0.001916 1 2
2458873.449768 0.000061 0.039321 0.002086 1 2
2458873.449828 0.000061 0.038063 0.002051 1 2
2458873.449889 0.000061 0.039642 0.002153 1 2
2458873.449950 0.000061 0.038640 0.002018 1 2
2458873.450011 0.000061 0.042278 0.002059 1 2
2458873.450072 0.000061 0.038928 0.002228 1 2
2458873.450133 0.000061 0.044291 0.002980 1 2
2458873.450194 0.000061 0.040646 0.002131 1 2
2458873.450255 0.000061 0.038729 0.002315 1 2
2458873.450316 0.000061 0.039351 0.002228 1 2
2458873.450377 0.000061 0.035823 0.002665 1 2
2458873.450438 0.000061 0.034709 0.002256 1 2
2458873.450499 0.000061 0.039007 0.002027 1 2
2458873.450560 0.000061 0.037560 0.002036 1 2
2458873.450621 0.000061 0.037382 0.002275 1 2
2458873.450682 0.000061 0.040745 0.002262 1 2
2458873.450743 0.000061 0.040121 0.001981 1 2
2458873.450804 0.000061 0.041479 0.002279 1 2
2458873.450865 0.000061 0.036826 0.002838 1 2
2458873.450926 0.000061 0.039336 0.001925 1 2
2458873.450986 0.000061 0.037490 0.002195 1 2
2458873.451047 0.000061 0.041682 0.002852 1 2
2458873.451108 0.000061 0.034495 0.002126 1 2
2458873.451169 0.000061 0.035657 0.002014 1 2
2458873.451230 0.000061 0.035212 0.001999 1 2
2458873.451291 0.000061 0.034299 0.002131 1 2
2458873.451352 0.000061 0.037708 0.001893 1 2
2458873.451413 0.000061 0.039758 0.001931 1 2
2458873.451474 0.000061 0.037926 0.002005 1 2
2458873.451535 0.000061 0.037693 0.002001 1 2
2458873.451596 0.000061 0.036359 0.002022 1 2
2458873.451657 0.000061 0.040869 0.001901 1 2
2458873.451718 0.000061 0.039118 0.002293 1 2
2458873.451779 0.000061 0.037356 0.001931 1 2
2458873.451840 0.000061 0.036340 0.002022 1 2
2458873.451901 0.000061 0.035449 0.002068 1 2
2458873.451962 0.000061 0.037645 0.001986 1 2
2458873.452023 0.000061 0.040253 0.002007 1 2
2458873.452084 0.000061 0.041910 0.002144 1 2
2458873.452145 0.000061 0.035307 0.002030 1 2
2458873.452205 0.000061 0.033271 0.002016 1 2
2458873.452266 0.000061 0.035023 0.001996 1 2
2458873.452327 0.000061 0.036657 0.001811 1 2
2458873.452388 0.000061 0.034328 0.001913 1 2
2458873.452449 0.000061 0.034438 0.001906 1 2
2458873.452510 0.000061 0.040952 0.002110 1 2
2458873.452571 0.000061 0.034354 0.002256 1 2
2458873.452632 0.000061 0.038678 0.002107 1 2
2458873.452693 0.000061 0.037533 0.001942 1 2
2458873.452754 0.000061 0.040249 0.001843 1 2
2458873.452815 0.000061 0.038479 0.001808 1 2
2458873.452876 0.000061 0.037106 0.001787 1 2
2458873.452937 0.000061 0.038683 0.001766 1 2
2458873.452998 0.000061 0.043104 0.003440 1 2
2458873.453059 0.000061 0.039557 0.003050 1 2
2458873.453120 0.000061 0.037527 0.001876 1 2
2458873.453181 0.000061 0.039291 0.001920 1 2
2458873.453242 0.000061 0.039987 0.002499 1 2
2458873.453303 0.000061 0.036089 0.003034 1 2
2458873.453363 0.000061 0.039364 0.001908 1 2
2458873.453424 0.000061 0.035171 0.001932 1 2
2458873.453485 0.000061 0.041220 0.002024 1 2
2458873.453546 0.000061 0.036832 0.002761 1 2
2458873.453607 0.000061 0.035685 0.002388 1 2
2458873.453668 0.000061 0.038449 0.002165 1 2
2458873.453729 0.000061 0.040647 0.002053 1 2
2458873.453790 0.000061 0.040886 0.002323 1 2
2458873.453851 0.000061 0.034132 0.002189 1 2
2458873.453912 0.000061 0.037436 0.001961 1 2
2458873.453973 0.000061 0.035454 0.001768 1 2
2458873.454034 0.000061 0.036198 0.001900 1 2
2458873.454095 0.000061 0.036679 0.001889 1 2
2458873.454156 0.000061 0.041560 0.001871 1 2
2458873.454217 0.000061 0.043765 0.001927 1 2
2458873.454278 0.000061 0.035667 0.001802 1 2
2458873.454339 0.000061 0.037984 0.001968 1 2
2458873.454400 0.000061 0.034815 0.002277 1 2
2458873.454461 0.000061 0.033665 0.001976 1 2
2458873.454521 0.000061 0.039157 0.002400 1 2
2458873.454582 0.000061 0.031871 0.002474 1 2
2458873.454643 0.000061 0.033581 0.001956 1 2
2458873.454704 0.000061 0.030261 0.002004 1 2
2458873.454765 0.000061 0.034363 0.002667 1 2
2458873.454826 0.000061 0.036170 0.002261 1 2
2458873.454887 0.000061 0.033360 0.002005 1 2
2458873.454948 0.000061 0.031292 0.001963 1 2
2458873.455009 0.000061 0.033291 0.001976 1 2
2458873.455070 0.000061 0.037834 0.002019 1 2
2458873.455131 0.000061 0.031652 0.002157 1 2
2458873.455192 0.000061 0.030884 0.001976 1 2
2458873.455253 0.000061 0.033178 0.001979 1 2
2458873.455314 0.000061 0.029930 0.003061 1 2
2458873.455375 0.000061 0.035487 0.002321 1 2
2458873.455436 0.000061 0.034137 0.001833 1 2
2458873.455497 0.000061 0.035652 0.001756 1 2
2458873.455558 0.000061 0.031452 0.001777 1 2
2458873.455619 0.000061 0.034048 0.001946 1 2
2458873.455680 0.000061 0.035766 0.001994 1 2
2458873.455740 0.000061 0.043175 0.002060 1 2
2458873.455801 0.000061 0.040396 0.001867 1 2
2458873.455862 0.000061 0.037418 0.002670 1 2
2458873.455923 0.000061 0.034723 0.001981 1 2
2458873.455984 0.000061 0.036847 0.001847 1 2
2458873.456045 0.000061 0.031155 0.001775 1 2
2458873.456106 0.000061 0.035225 0.001898 1 2
2458873.456167 0.000061 0.034951 0.001899 1 2
2458873.456228 0.000061 0.038168 0.001876 1 2
2458873.456289 0.000061 0.034401 0.001758 1 2
2458873.456350 0.000061 0.033967 0.001840 1 2
2458873.456411 0.000061 0.032866 0.001833 1 2
2458873.456472 0.000061 0.033955 0.001778 1 2
2458873.456533 0.000061 0.033350 0.001780 1 2
2458873.456594 0.000061 0.035882 0.001886 1 2
2458873.456655 0.000061 0.032572 0.002076 1 2
2458873.456716 0.000061 0.034270 0.002117 1 2
2458873.456777 0.000061 0.031665 0.002885 1 2
2458873.456838 0.000061 0.032001 0.002161 1 2
2458873.456898 0.000061 0.035321 0.002035 1 2
2458873.456959 0.000061 0.036326 0.002635 1 2
2458873.457020 0.000061 0.035214 0.002376 1 2
2458873.457081 0.000061 0.032070 0.002333 1 2
2458873.457142 0.000061 0.036168 0.002482 1 2
2458873.457203 0.000061 0.033272 0.001952 1 2
2458873.457264 0.000061 0.040244 0.002115 1 2
2458873.457326 0.000061 0.035986 0.001965 1 2
2458873.457386 0.000061 0.037758 0.002412 1 2
2458873.457447 0.000061 0.034347 0.002278 1 2
2458873.457508 0.000061 0.034308 0.002170 1 2
2458873.457569 0.000061 0.034164 0.001973 1 2
2458873.457631 0.000061 0.035902 0.001924 1 2
2458873.457691 0.000061 0.035309 0.001984 1 2
2458873.457753 0.000061 0.029307 0.002088 1 2
2458873.457814 0.000061 0.032041 0.001814 1 2
2458873.457874 0.000061 0.031688 0.001916 1 2
2458873.457936 0.000061 0.035401 0.002040 1 2
2458873.457997 0.000061 0.033566 0.002070 1 2
2458873.458058 0.000061 0.030471 0.001970 1 2
2458873.458118 0.000061 0.035298 0.001937 1 2
2458873.458178 0.000061 0.034289 0.001971 1 2
2458873.458240 0.000061 0.034409 0.001954 1 2
2458873.458301 0.000061 0.035587 0.002043 1 2
2458873.458362 0.000061 0.030614 0.002199 1 2
2458873.458423 0.000061 0.031756 0.002482 1 2
2458873.458484 0.000061 0.036517 0.003245 1 2
2458873.458545 0.000061 0.027558 0.002625 1 2
2458873.458606 0.000061 0.037003 0.003186 1 2
2458873.458667 0.000061 0.030791 0.002030 1 2
2458873.458728 0.000061 0.036535 0.001978 1 2
2458873.458789 0.000061 0.032933 0.002075 1 2
2458873.458850 0.000061 0.030824 0.001841 1 2
2458873.458911 0.000061 0.037230 0.001956 1 2
2458873.458972 0.000061 0.033796 0.001831 1 2
2458873.459033 0.000061 0.032915 0.001948 1 2
2458873.459094 0.000061 0.030935 0.001933 1 2
2458873.459155 0.000061 0.034070 0.002073 1 2
2458873.459216 0.000061 0.033129 0.002029 1 2
2458873.459276 0.000061 0.035605 0.001943 1 2
2458873.459337 0.000061 0.031146 0.002025 1 2
2458873.459398 0.000061 0.033335 0.002015 1 2
2458873.459459 0.000061 0.031035 0.003011 1 2
2458873.459520 0.000061 0.026244 0.002454 1 2
2458873.459581 0.000061 0.030432 0.001990 1 2
2458873.459642 0.000061 0.032318 0.002662 1 2
2458873.459703 0.000061 0.040283 0.002172 1 2
2458873.459764 0.000061 0.032996 0.001981 1 2
2458873.459825 0.000061 0.033066 0.001995 1 2
2458873.459886 0.000061 0.029817 0.001836 1 2
2458873.459947 0.000061 0.034577 0.002044 1 2
2458873.460008 0.000061 0.034626 0.002003 1 2
2458873.460069 0.000061 0.029116 0.001930 1 2
2458873.460130 0.000061 0.036805 0.001875 1 2
2458873.460191 0.000061 0.033672 0.002022 1 2
2458873.460252 0.000061 0.037263 0.002160 1 2
2458873.460313 0.000061 0.036694 0.001816 1 2
2458873.460374 0.000061 0.036445 0.001967 1 2
2458873.460434 0.000061 0.033186 0.002117 1 2
2458873.460495 0.000061 0.033066 0.002066 1 2
2458873.460556 0.000061 0.038063 0.002054 1 2
2458873.460617 0.000061 0.036518 0.002165 1 2
2458873.460678 0.000061 0.030253 0.002739 1 2
2458873.460739 0.000061 0.031859 0.003615 1 2
2458873.460800 0.000061 0.031013 0.002341 1 2
2458873.460861 0.000061 0.032342 0.002133 1 2
2458873.460922 0.000061 0.034531 0.002042 1 2
2458873.460983 0.000061 0.036283 0.001940 1 2
2458873.461044 0.000061 0.034244 0.001913 1 2
2458873.461105 0.000061 0.031963 0.002035 1 2
2458873.461166 0.000061 0.027845 0.002529 1 2
2458873.461227 0.000061 0.034856 0.002511 1 2
2458873.461288 0.000061 0.029000 0.002749 1 2
2458873.461349 0.000061 0.033159 0.002353 1 2
2458873.461410 0.000061 0.035399 0.002202 1 2
2458873.461471 0.000061 0.033716 0.001927 1 2
2458873.461532 0.000061 0.033595 0.002002 1 2
2458873.461593 0.000061 0.035157 0.001888 1 2
2458873.461653 0.000061 0.036495 0.002126 1 2
2458873.461714 0.000061 0.030692 0.001964 1 2
2458873.461775 0.000061 0.033163 0.002250 1 2
2458873.461836 0.000061 0.030194 0.002232 1 2
2458873.461897 0.000061 0.029391 0.002395 1 2
2458873.461958 0.000061 0.027943 0.002079 1 2
2458873.462019 0.000061 0.032926 0.002518 1 2
2458873.462080 0.000061 0.031759 0.004085 1 2
2458873.462141 0.000061 0.030067 0.002196 1 2
2458873.462202 0.000061 0.032459 0.002129 1 2
2458873.462263 0.000061 0.034645 0.002039 1 2
2458873.462324 0.000061 0.032600 0.002549 1 2
2458873.462385 0.000061 0.027777 0.003248 1 2
2458873.462446 0.000061 0.027970 0.002716 1 2
2458873.462507 0.000061 0.034186 0.002508 1 2
2458873.462568 0.000061 0.030748 0.002763 1 2
2458873.462629 0.000061 0.033957 0.002551 1 2
2458873.462690 0.000061 0.030487 0.002446 1 2
2458873.462751 0.000061 0.034178 0.002463 1 2
2458873.462811 0.000061 0.035245 0.002305 1 2
2458873.462872 0.000061 0.033094 0.002259 1 2
2458873.462933 0.000061 0.031482 0.002275 1 2
2458873.462994 0.000061 0.032319 0.002459 1 2
2458873.463055 0.000061 0.036753 0.002718 1 2
2458873.463116 0.000061 0.031438 0.002271 1 2
2458873.463177 0.000061 0.034166 0.002378 1 2
2458873.463238 0.000061 0.033310 0.002215 1 2
2458873.463299 0.000061 0.033137 0.002432 1 2
2458873.463360 0.000061 0.028326 0.002405 1 2
2458873.463421 0.000061 0.031402 0.002444 1 2
2458873.463482 0.000061 0.032443 0.002669 1 2
2458873.463543 0.000061 0.029833 0.002434 1 2
2458873.463604 0.000061 0.028306 0.002448 1 2
2458873.463665 0.000061 0.031604 0.002487 1 2
2458873.463726 0.000061 0.030297 0.002755 1 2
2458873.463787 0.000061 0.029219 0.002408 1 2
2458873.463848 0.000061 0.031153 0.002165 1 2
2458873.463909 0.000061 0.033546 0.002383 1 2
2458873.463970 0.000061 0.035160 0.002718 1 2
2458873.464030 0.000061 0.030448 0.002276 1 2
2458873.464091 0.000061 0.032334 0.003653 1 2
2458873.464152 0.000061 0.035262 0.002916 1 2
2458873.464213 0.000061 0.031665 0.002299 1 2
2458873.464274 0.000061 0.035399 0.002560 1 2
2458873.464335 0.000061 0.023577 0.002753 1 2
2458873.464396 0.000061 0.027550 0.003393 1 2
2458873.464457 0.000061 0.031579 0.002840 1 2
2458873.464518 0.000061 0.033452 0.002674 1 2
2458873.464579 0.000061 0.026773 0.003992 1 2
2458873.464640 0.000061 0.037966 0.002898 1 2
2458873.464701 0.000061 0.035024 0.002610 1 2
2458873.464762 0.000061 0.033269 0.002505 1 2
2458873.464823 0.000061 0.030349 0.002256 1 2
2458873.464884 0.000061 0.032713 0.002307 1 2
2458873.464945 0.000061 0.031197 0.002248 1 2
2458873.465006 0.000061 0.029302 0.002330 1 2
2458873.465067 0.000061 0.033823 0.002334 1 2
2458873.465128 0.000061 0.033781 0.002245 1 2
2458873.465188 0.000061 0.030665 0.002197 1 2
2458873.465249 0.000061 0.035767 0.002446 1 2
2458873.465310 0.000061 0.031129 0.003253 1 2
2458873.465371 0.000061 0.026937 0.002737 1 2
2458873.465432 0.000061 0.028960 0.002743 1 2
2458873.465493 0.000061 0.033107 0.002455 1 2
2458873.465554 0.000061 0.030019 0.002196 1 2
2458873.465615 0.000061 0.027146 0.002854 1 2
2458873.465676 0.000061 0.038115 0.002932 1 2
2458873.465737 0.000061 0.030942 0.002316 1 2
2458873.465798 0.000061 0.034047 0.002497 1 2
2458873.465859 0.000061 0.029601 0.002341 1 2
2458873.465920 0.000061 0.034351 0.002416 1 2
2458873.465981 0.000061 0.035557 0.002401 1 2
2458873.466042 0.000061 0.034387 0.002774 1 2
2458873.466103 0.000061 0.036972 0.002829 1 2
2458873.466164 0.000061 0.034276 0.002409 1 2
2458873.466225 0.000061 0.029926 0.002914 1 2
2458873.466286 0.000061 0.034930 0.002364 1 2
2458873.466347 0.000061 0.035803 0.002323 1 2
2458873.466407 0.000061 0.021539 0.005650 1 2
2458873.466468 0.000061 0.032446 0.002669 1 2
2458873.466529 0.000061 0.030370 0.002780 1 2
2458873.466590 0.000061 0.032314 0.003528 1 2
2458873.466651 0.000061 0.037498 0.003019 1 2
2458873.466712 0.000061 0.033788 0.003636 1 2
2458873.466773 0.000061 0.024842 0.003174 1 2
2458873.466834 0.000061 0.030511 0.002715 1 2
2458873.466895 0.000061 0.036783 0.002775 1 2
2458873.466956 0.000061 0.035217 0.002910 1 2
2458873.467017 0.000061 0.029921 0.002543 1 2
2458873.467078 0.000061 0.035119 0.002523 1 2
2458873.467139 0.000061 0.037241 0.002671 1 2
2458873.467200 0.000061 0.035007 0.002538 1 2
2458873.467261 0.000061 0.036777 0.004517 1 2
2458873.467322 0.000061 0.035517 0.002923 1 2
2458873.467383 0.000061 0.035717 0.002520 1 2
2458873.467444 0.000061 0.034850 0.002466 1 2
2458873.467505 0.000061 0.031715 0.002500 1 2
2458873.467565 0.000061 0.038564 0.002546 1 2
2458873.467626 0.000061 0.037521 0.003501 1 2
2458873.467687 0.000061 0.039160 0.003156 1 2
2458873.467748 0.000061 0.036278 0.002804 1 2
2458873.467809 0.000061 0.028907 0.002393 1 2
2458873.467870 0.000061 0.035546 0.003067 1 2
2458873.467931 0.000061 0.035967 0.003295 1 2
2458873.467992 0.000061 0.041228 0.012376 1 2
2458873.468053 0.000061 0.033323 0.003375 1 2
2458873.468114 0.000061 0.035520 0.004232 1 2
2458873.468175 0.000061 0.034627 0.002577 1 2
2458873.468236 0.000061 0.034182 0.003184 1 2
2458873.468297 0.000061 0.027712 0.003830 1 2
2458873.468358 0.000061 0.031330 0.003264 1 2
2458873.468419 0.000061 0.032456 0.002971 1 2
2458873.468480 0.000061 0.034831 0.002502 1 2
2458873.468541 0.000061 0.036722 0.002529 1 2
2458873.468602 0.000061 0.034878 0.002964 1 2
2458873.468663 0.000061 0.039019 0.003026 1 2
2458873.468723 0.000061 0.036395 0.003678 1 2
2458873.468784 0.000061 0.032547 0.002711 1 2
2458873.468845 0.000061 0.037220 0.002538 1 2
2458873.468906 0.000061 0.035310 0.002560 1 2
2458873.468967 0.000061 0.033277 0.002675 1 2
2458873.469028 0.000061 0.034595 0.002901 1 2
2458873.469089 0.000061 0.029831 0.002708 1 2
2458873.469150 0.000061 0.036056 0.005001 1 2
2458873.469211 0.000061 0.038387 0.003080 1 2
2458873.469272 0.000061 0.031084 0.002389 1 2
2458873.469333 0.000061 0.032261 0.003015 1 2
2458873.469394 0.000061 0.037049 0.002851 1 2
2458873.469455 0.000061 0.037170 0.003166 1 2
2458873.469516 0.000061 0.036013 0.003109 1 2
2458873.469577 0.000061 0.031571 0.002729 1 2
2458873.469638 0.000061 0.027413 0.002610 1 2
2458873.469699 0.000061 0.037207 0.002913 1 2
2458873.469760 0.000061 0.035185 0.002895 1 2
2458873.469821 0.000061 0.035070 0.002844 1 2
2458873.469882 0.000061 0.036687 0.002847 1 2
2458873.469942 0.000061 0.029184 0.004459 1 2
2458873.470003 0.000061 0.028990 0.004025 1 2
2458873.470064 0.000061 0.033118 0.003547 1 2
2458873.470125 0.000061 0.028444 0.003034 1 2
2458873.470186 0.000061 0.031144 0.003106 1 2
2458873.470247 0.000061 0.031108 0.003033 1 2
2458873.470308 0.000061 0.025559 0.004271 1 2
2458873.470369 0.000061 0.034369 0.004267 1 2
2458873.470430 0.000061 0.030164 0.004077 1 2
2458873.470491 0.000061 0.017816 0.010409 1 2
2458873.470552 0.000061 0.038037 0.004449 1 2
2458873.470613 0.000061 0.031671 0.003734 1 2
2458873.470674 0.000061 0.030185 0.003895 1 2
2458873.470735 0.000061 0.032265 0.005018 1 2
2458873.470796 0.000061 0.028670 0.004333 1 2
2458873.470857 0.000061 0.028671 0.007298 1 2
2458873.470918 0.000061 0.033143 0.004153 1 2
2458873.470979 0.000061 0.027415 0.004209 1 2
2458873.471040 0.000061 0.038891 0.005261 1 2
2458873.471100 0.000061 0.032908 0.003974 1 2
2458873.471161 0.000061 0.032552 0.004872 1 2
2458873.471222 0.000061 0.023774 0.006617 1 2
