2456670.336911 0.000056 0.025860 0.001145 1 2
2456670.336967 0.000056 0.027538 0.001208 1 2
2456670.337024 0.000056 0.025973 0.001206 1 2
2456670.337080 0.000056 0.023431 0.001172 1 2
2456670.337136 0.000056 0.024222 0.001164 1 2
2456670.337193 0.000056 0.024808 0.001185 1 2
2456670.337249 0.000056 0.023593 0.001236 1 2
2456670.337305 0.000056 0.024566 0.001235 1 2
2456670.337362 0.000056 0.025970 0.001139 1 2
2456670.337418 0.000056 0.022684 0.001117 1 2
2456670.337474 0.000056 0.024916 0.001193 1 2
2456670.337531 0.000056 0.024705 0.001189 1 2
2456670.337587 0.000056 0.025041 0.001233 1 2
2456670.337644 0.000056 0.022858 0.001289 1 2
2456670.337700 0.000056 0.024853 0.001249 1 2
2456670.337756 0.000056 0.023187 0.001160 1 2
2456670.337813 0.000056 0.025059 0.001158 1 2
2456670.337869 0.000056 0.023012 0.001201 1 2
2456670.337925 0.000056 0.025571 0.001194 1 2
2456670.337982 0.000056 0.024922 0.001205 1 2
2456670.338038 0.000056 0.025664 0.001180 1 2
2456670.338094 0.000056 0.025678 0.001127 1 2
2456670.338151 0.000056 0.024867 0.001241 1 2
2456670.338207 0.000056 0.025963 0.001227 1 2
2456670.338263 0.000056 0.024603 0.001189 1 2
2456670.338320 0.000056 0.022672 0.001174 1 2
2456670.338376 0.000056 0.025452 0.001194 1 2
2456670.338432 0.000056 0.023669 0.001158 1 2
2456670.338489 0.000056 0.025955 0.001169 1 2
2456670.338545 0.000056 0.024001 0.001166 1 2
2456670.338602 0.000056 0.026013 0.001211 1 2
2456670.338658 0.000056 0.024419 0.001268 1 2
2456670.338714 0.000056 0.025387 0.001262 1 2
2456670.338771 0.000056 0.024482 0.001225 1 2
2456670.338827 0.000056 0.024117 0.001313 1 2
2456670.338883 0.000056 0.024288 0.001287 1 2
2456670.338940 0.000056 0.025054 0.001284 1 2
2456670.338997 0.000056 0.026363 0.001281 1 2
2456670.339052 0.000056 0.025562 0.001271 1 2
2456670.339109 0.000056 0.025621 0.001263 1 2
2456670.339166 0.000056 0.024947 0.001284 1 2
2456670.339222 0.000056 0.022348 0.001222 1 2
2456670.339278 0.000056 0.022972 0.001182 1 2
2456670.339335 0.000056 0.025707 0.001258 1 2
2456670.339391 0.000056 0.024539 0.001257 1 2
2456670.339448 0.000056 0.024262 0.001256 1 2
2456670.339504 0.000056 0.022312 0.001314 1 2
2456670.339560 0.000056 0.022933 0.001298 1 2
2456670.339617 0.000056 0.023546 0.001252 1 2
2456670.339673 0.000056 0.022261 0.001230 1 2
2456670.339730 0.000056 0.022658 0.001246 1 2
2456670.339786 0.000056 0.022570 0.001187 1 2
2456670.339842 0.000056 0.022228 0.001161 1 2
2456670.339899 0.000056 0.023820 0.001186 1 2
2456670.339955 0.000056 0.026006 0.001208 1 2
2456670.340011 0.000056 0.022711 0.001141 1 2
2456670.340068 0.000056 0.024788 0.001196 1 2
2456670.340124 0.000056 0.021627 0.001191 1 2
2456670.340180 0.000056 0.022677 0.001189 1 2
2456670.340237 0.000056 0.022479 0.001213 1 2
2456670.340293 0.000056 0.023136 0.001154 1 2
2456670.340349 0.000056 0.022845 0.001142 1 2
2456670.340406 0.000056 0.022942 0.001162 1 2
2456670.340462 0.000056 0.023242 0.001128 1 2
2456670.340518 0.000056 0.021540 0.001087 1 2
2456670.340575 0.000056 0.023804 0.001181 1 2
2456670.340631 0.000056 0.022650 0.001141 1 2
2456670.340688 0.000056 0.024792 0.001135 1 2
2456670.340744 0.000056 0.024657 0.001166 1 2
2456670.340800 0.000056 0.021286 0.001120 1 2
2456670.340857 0.000056 0.024974 0.001176 1 2
2456670.340913 0.000056 0.022101 0.001063 1 2
2456670.340969 0.000056 0.021525 0.001095 1 2
2456670.341026 0.000056 0.020885 0.001139 1 2
2456670.341082 0.000056 0.022459 0.001121 1 2
2456670.341138 0.000056 0.024633 0.001149 1 2
2456670.341195 0.000056 0.024844 0.001083 1 2
2456670.341251 0.000056 0.022137 0.001048 1 2
2456670.341307 0.000056 0.023459 0.001052 1 2
2456670.341364 0.000056 0.022981 0.001040 1 2
2456670.341420 0.000056 0.022672 0.001105 1 2
2456670.341476 0.000056 0.018957 0.001138 1 2
2456670.341533 0.000056 0.021431 0.001149 1 2
2456670.341589 0.000056 0.021582 0.001133 1 2
2456670.341645 0.000056 0.021403 0.001174 1 2
2456670.341702 0.000056 0.021657 0.001134 1 2
2456670.341758 0.000056 0.022379 0.001120 1 2
2456670.341815 0.000056 0.023431 0.001185 1 2
2456670.341871 0.000056 0.019790 0.001165 1 2
2456670.341927 0.000056 0.021238 0.001099 1 2
2456670.341984 0.000056 0.022678 0.001212 1 2
2456670.342040 0.000056 0.022486 0.001182 1 2
2456670.342096 0.000056 0.019304 0.001248 1 2
2456670.342153 0.000056 0.021179 0.001126 1 2
2456670.342209 0.000056 0.022514 0.001141 1 2
2456670.342265 0.000056 0.024484 0.001228 1 2
2456670.342322 0.000056 0.022347 0.001206 1 2
2456670.342378 0.000056 0.022163 0.001167 1 2
2456670.342434 0.000056 0.025004 0.001214 1 2
2456670.342491 0.000056 0.023836 0.001148 1 2
2456670.342547 0.000056 0.022884 0.001120 1 2
2456670.342603 0.000056 0.023638 0.001081 1 2
2456670.342660 0.000056 0.020591 0.001106 1 2
2456670.342716 0.000056 0.022358 0.001077 1 2
2456670.342773 0.000056 0.024355 0.001096 1 2
2456670.342829 0.000056 0.022353 0.001153 1 2
2456670.342885 0.000056 0.021525 0.001149 1 2
2456670.342942 0.000056 0.021728 0.001116 1 2
2456670.342998 0.000056 0.024972 0.001182 1 2
2456670.343054 0.000056 0.022944 0.001159 1 2
2456670.343111 0.000056 0.022448 0.001190 1 2
2456670.343167 0.000056 0.021298 0.001124 1 2
2456670.343223 0.000056 0.022207 0.001134 1 2
2456670.343280 0.000056 0.019889 0.001153 1 2
2456670.343336 0.000056 0.022372 0.001142 1 2
2456670.343392 0.000056 0.020628 0.001111 1 2
2456670.343449 0.000056 0.021356 0.001060 1 2
2456670.343505 0.000056 0.022346 0.001103 1 2
2456670.343561 0.000056 0.021506 0.001105 1 2
2456670.343618 0.000056 0.022088 0.001122 1 2
2456670.343674 0.000056 0.022286 0.001109 1 2
2456670.343731 0.000056 0.021385 0.001096 1 2
2456670.343787 0.000056 0.022477 0.001149 1 2
2456670.343843 0.000056 0.022421 0.001142 1 2
2456670.343900 0.000056 0.024089 0.001167 1 2
2456670.343956 0.000056 0.022008 0.001127 1 2
2456670.344012 0.000056 0.023596 0.001099 1 2
2456670.344069 0.000056 0.024725 0.001091 1 2
2456670.344125 0.000056 0.023975 0.001104 1 2
2456670.344181 0.000056 0.022933 0.001102 1 2
2456670.344238 0.000056 0.024439 0.001119 1 2
2456670.344294 0.000056 0.025382 0.001143 1 2
2456670.344350 0.000056 0.023933 0.001137 1 2
2456670.344407 0.000056 0.022657 0.001128 1 2
2456670.344463 0.000056 0.024032 0.001101 1 2
2456670.344519 0.000056 0.024474 0.001114 1 2
2456670.344576 0.000056 0.022327 0.001144 1 2
2456670.344632 0.000056 0.022857 0.001113 1 2
2456670.344688 0.000056 0.022953 0.001073 1 2
2456670.344745 0.000056 0.022575 0.001132 1 2
2456670.344801 0.000056 0.023011 0.001125 1 2
2456670.344858 0.000056 0.021774 0.001074 1 2
2456670.344914 0.000056 0.023473 0.001076 1 2
2456670.344970 0.000056 0.022071 0.001109 1 2
2456670.345027 0.000056 0.020902 0.001082 1 2
2456670.345083 0.000056 0.024475 0.001109 1 2
2456670.345139 0.000056 0.020972 0.001040 1 2
2456670.345196 0.000056 0.023287 0.001093 1 2
2456670.345252 0.000056 0.023470 0.001058 1 2
2456670.345308 0.000056 0.021509 0.001053 1 2
2456670.345365 0.000056 0.019079 0.001054 1 2
2456670.345421 0.000056 0.017968 0.001044 1 2
2456670.345477 0.000056 0.017165 0.001041 1 2
2456670.345534 0.000056 0.011816 0.001017 1 2
2456670.345590 0.000056 0.008491 0.000999 1 2
2456670.345646 0.000056 0.004843 0.000998 1 2
2456670.345703 0.000056 0.005528 0.000975 1 2
2456670.345759 0.000056 0.002172 0.000948 1 2
2456670.345816 0.000056 0.000906 0.000977 1 2
2456670.345872 0.000056 -0.001284 -0.000971 1 2
2456670.345928 0.000056 0.001707 0.001060 1 2
2456670.345985 0.000056 0.000120 0.000980 1 2
2456670.346041 0.000056 0.000503 0.000956 1 2
2456670.346097 0.000056 -0.001161 -0.000995 1 2
2456670.346154 0.000056 0.001264 0.000998 1 2
2456670.346210 0.000056 -0.002292 -0.001082 1 2
2456670.346266 0.000056 0.001058 0.001012 1 2
2456670.346323 0.000056 -0.000896 -0.000945 1 2
2456670.346379 0.000056 0.000653 0.000953 1 2
2456670.346435 0.000056 -0.000758 -0.001003 1 2
2456670.346492 0.000056 0.001510 0.001043 1 2
2456670.346548 0.000056 0.000441 0.001062 1 2
2456670.346604 0.000056 0.001035 0.001009 1 2
2456670.346661 0.000056 -0.001286 -0.001048 1 2
2456670.346717 0.000056 -0.000328 -0.000989 1 2
2456670.346773 0.000056 0.000660 0.000992 1 2
2456670.346830 0.000056 0.001744 0.000966 1 2
2456670.346886 0.000056 0.001054 0.000969 1 2
2456670.346943 0.000056 -0.000887 -0.000973 1 2
2456670.346999 0.000056 -0.000638 -0.001009 1 2
2456670.347055 0.000056 0.001577 0.000940 1 2
2456670.347112 0.000056 -0.000449 -0.000949 1 2
2456670.347168 0.000056 -0.000302 -0.000996 1 2
2456670.347224 0.000056 0.001602 0.000963 1 2
2456670.347281 0.000056 -0.001580 -0.000966 1 2
2456670.347337 0.000056 -0.000111 -0.001005 1 2
2456670.347393 0.000056 -0.000381 -0.000977 1 2
2456670.347450 0.000056 0.000401 0.000978 1 2
2456670.347506 0.000056 -0.001911 -0.001003 1 2
2456670.347562 0.000056 -0.000498 -0.001061 1 2
2456670.347619 0.000056 0.000539 0.001025 1 2
2456670.347675 0.000056 0.000625 0.000999 1 2
2456670.347731 0.000056 0.000977 0.000986 1 2
2456670.347788 0.000056 0.003993 0.000971 1 2
2456670.347844 0.000056 0.002855 0.000963 1 2
2456670.347901 0.000056 0.004684 0.001039 1 2
2456670.347957 0.000056 0.007434 0.001054 1 2
2456670.348013 0.000056 0.008638 0.001054 1 2
2456670.348070 0.000056 0.010048 0.001107 1 2
2456670.348126 0.000056 0.013751 0.001054 1 2
2456670.348182 0.000056 0.016796 0.001089 1 2
2456670.348239 0.000056 0.018605 0.001087 1 2
2456670.348295 0.000056 0.022303 0.001103 1 2
2456670.348351 0.000056 0.019543 0.001130 1 2
2456670.348408 0.000056 0.020437 0.001123 1 2
2456670.348464 0.000056 0.021168 0.001097 1 2
2456670.348520 0.000056 0.021191 0.001138 1 2
2456670.348577 0.000056 0.019826 0.001112 1 2
2456670.348633 0.000056 0.022168 0.001159 1 2
2456670.348689 0.000056 0.019715 0.001107 1 2
2456670.348746 0.000056 0.020551 0.001114 1 2
2456670.348802 0.000056 0.022143 0.001109 1 2
2456670.348858 0.000056 0.019568 0.001127 1 2
2456670.348915 0.000056 0.020442 0.001116 1 2
2456670.348971 0.000056 0.021732 0.001130 1 2
2456670.349028 0.000056 0.020552 0.001181 1 2
2456670.349084 0.000056 0.020177 0.001138 1 2
2456670.349140 0.000056 0.021611 0.001155 1 2
2456670.349197 0.000056 0.019960 0.001089 1 2
2456670.349253 0.000056 0.020229 0.001138 1 2
2456670.349309 0.000056 0.024587 0.001225 1 2
2456670.349366 0.000056 0.022888 0.001176 1 2
2456670.349422 0.000056 0.021555 0.001116 1 2
2456670.349478 0.000056 0.022662 0.001131 1 2
2456670.349535 0.000056 0.021736 0.001097 1 2
2456670.349591 0.000056 0.022835 0.001162 1 2
2456670.349647 0.000056 0.021423 0.001189 1 2
2456670.349704 0.000056 0.021663 0.001158 1 2
2456670.349760 0.000056 0.019103 0.001210 1 2
2456670.349816 0.000056 0.025058 0.001207 1 2
2456670.349873 0.000056 0.022774 0.001133 1 2
2456670.349929 0.000056 0.022868 0.001146 1 2
2456670.349986 0.000056 0.022551 0.001093 1 2
2456670.350042 0.000056 0.021435 0.001152 1 2
2456670.350098 0.000056 0.021619 0.001155 1 2
2456670.350155 0.000056 0.021380 0.001108 1 2
2456670.350211 0.000056 0.023055 0.001140 1 2
2456670.350267 0.000056 0.020770 0.001090 1 2
2456670.350324 0.000056 0.022124 0.001131 1 2
2456670.350380 0.000056 0.021027 0.001077 1 2
2456670.350436 0.000056 0.021589 0.001066 1 2
2456670.350493 0.000056 0.022648 0.001044 1 2
2456670.350549 0.000056 0.022399 0.001028 1 2
2456670.350605 0.000056 0.021594 0.001085 1 2
2456670.350662 0.000056 0.020975 0.001043 1 2
2456670.350718 0.000056 0.024366 0.001059 1 2
2456670.350774 0.000056 0.023143 0.001119 1 2
2456670.350831 0.000056 0.022042 0.001059 1 2
2456670.350887 0.000056 0.022977 0.001069 1 2
2456670.350943 0.000056 0.022737 0.001104 1 2
2456670.351000 0.000056 0.021528 0.001086 1 2
2456670.351056 0.000056 0.022736 0.001082 1 2
